12
0.0 1.0
1 3 9 1 1 9 9 1 
1 18 3 1 1 2 2 1 
0.0 1.0
1 11 16 1 1 15 15 1 
1 20 4 1 1 1 1 1 
0.0 1.0
1 13 7 1 1 16 16 1 
1 9 17 1 1 8 8 1 
1.0 0.0
1 20 12 1 1 10 13 1 
1 3 6 1 1 18 18 1 
1.0 0.0
1 8 18 1 1 8 10 1 
1 5 14 1 1 11 20 1 
1.0 0.0
1 10 20 1 1 17 3 1 
1 6 12 1 1 9 11 1 
0.0 0.0
1 12 17 1 1 4 20 1 
1 15 20 1 1 4 20 1 
0.0 0.0
1 12 12 1 1 7 11 1 
1 8 8 1 1 4 12 1 
0.0 0.0
1 2 2 1 1 9 9 1 
1 9 7 1 1 5 7 1 
1.0 1.0
1 16 4 1 1 7 14 1 
1 3 10 1 1 11 3 1 
1.0 1.0
1 6 3 1 1 10 17 1 
0 1 0 1 1 20 6 1 
1.0 1.0
1 12 10 1 1 1 17 1 
1 13 19 1 1 18 20 1 
