20
1.0 0.0
0 11 11 1 1 16 18 1 1 19 19 0 
1 8 9 0 0 9 10 0 1 21 20 1 
1 14 15 1 0 17 17 1 0 18 20 0 
1.0 0.0
0 18 10 1 1 15 16 1 1 6 15 0 
1 16 16 0 1 16 25 0 1 27 17 0 
0 17 27 0 0 23 15 1 0 15 16 0 
1.0 0.0
0 16 17 0 0 29 19 0 1 18 29 1 
0 24 15 1 1 5 15 0 1 16 16 0 
1 9 20 1 0 1 2 0 1 13 2 0 
1.0 0.0
0 12 8 1 0 14 7 1 1 5 20 1 
1 16 7 0 0 14 29 0 0 19 14 0 
0 14 29 0 0 14 9 0 0 27 20 1 
1.0 0.0
1 10 5 1 0 13 23 0 1 16 12 0 
0 2 13 1 0 11 9 1 0 14 9 0 
0 4 1 0 0 24 20 1 0 16 27 1 
1.0 0.0
1 17 10 1 0 14 9 1 1 4 18 0 
0 16 11 1 0 12 28 1 0 12 5 0 
1 16 31 1 1 17 9 0 0 11 5 0 
1.0 1.0
1 9 18 1 1 16 15 1 0 25 20 1 
1 12 11 1 1 15 8 0 1 6 15 1 
0 9 3 0 1 16 25 1 1 14 12 0 
1.0 1.0
0 10 15 1 1 18 9 0 0 5 12 1 
0 10 3 1 1 9 14 0 1 6 10 1 
1 4 9 0 1 16 19 0 0 18 10 0 
1.0 1.0
0 22 13 1 0 9 5 0 1 1 17 1 
0 18 15 1 0 0 16 0 1 15 4 0 
1 11 26 0 1 17 6 0 0 11 7 0 
1.0 1.0
0 9 19 1 1 18 23 0 0 29 16 0 
0 14 20 0 1 29 15 0 1 7 16 1 
1 14 1 1 1 18 27 1 0 5 11 0 
1.0 1.0
0 8 14 1 1 25 16 1 0 13 20 1 
1 14 5 1 0 3 10 1 1 11 16 1 
1 10 16 1 1 14 18 0 0 9 1 1 
1.0 1.0
1 25 20 1 0 16 10 0 1 11 24 1 
1 17 11 1 1 5 17 0 1 17 11 0 
0 2 15 0 0 16 12 1 0 10 4 0 
1.0 1.0
1 13 14 1 1 9 18 1 0 23 16 1 
0 12 21 0 0 25 17 0 1 17 17 0 
0 10 3 1 0 16 17 0 0 4 14 1 
1.0 1.0
1 19 19 0 1 11 19 1 0 12 5 0 
1 7 14 0 0 21 15 1 1 6 6 0 
0 15 9 1 0 18 19 0 0 5 13 0 
1.0 1.0
0 12 3 0 0 21 18 0 1 20 34 1 
0 21 18 0 0 7 21 0 1 21 12 1 
1 19 32 0 1 21 12 1 0 20 17 0 
1.0 1.0
0 9 16 1 0 18 23 0 1 25 16 1 
1 9 14 1 0 10 1 0 0 8 14 0 
1 28 18 0 0 10 17 1 0 9 15 1 
1.0 1.0
1 18 16 0 0 5 15 1 1 24 17 0 
0 16 26 1 0 19 13 0 0 11 10 0 
1 19 13 1 0 10 10 1 1 19 27 0 
1.0 1.0
0 25 18 1 1 11 19 0 0 4 5 0 
1 16 25 1 0 5 7 1 0 28 20 0 
0 20 22 1 1 17 8 0 0 15 25 1 
1.0 1.0
1 20 20 0 0 8 14 1 1 7 2 0 
1 15 20 1 0 11 8 1 0 16 17 0 
1 14 10 1 1 18 18 0 0 9 15 1 
1.0 1.0
1 20 24 1 0 16 7 1 1 4 12 1 
1 20 9 0 0 16 24 0 1 11 14 0 
1 12 20 1 0 14 19 1 0 16 7 1 
