20
1.0 0.0
1 16 10 0 0 4 8 0 1 20 21 0 
1 18 22 1 1 8 9 0 0 18 13 0 
0 5 7 0 1 12 6 0 1 5 9 1 
1.0 0.0
0 19 28 0 1 16 18 0 1 23 11 0 
0 14 18 1 0 15 5 1 1 4 12 0 
1 14 2 0 0 16 25 0 1 14 17 1 
1.0 0.0
1 9 0 0 0 18 21 0 0 19 26 1 
0 13 17 1 0 2 9 1 0 21 13 0 
0 6 12 0 1 15 7 1 1 6 9 1 
1.0 0.0
0 22 16 0 1 20 30 1 0 19 16 0 
0 7 17 0 1 20 16 0 1 18 11 0 
0 18 15 0 0 16 10 0 0 7 17 0 
1.0 0.0
0 20 28 1 1 19 13 0 1 10 9 1 
0 20 15 0 1 10 9 1 0 10 18 1 
0 16 15 0 1 6 13 1 1 25 20 1 
1.0 0.0
0 5 0 1 1 16 8 1 1 12 27 1 
0 20 13 1 0 13 28 0 1 21 15 1 
1 10 24 0 1 18 12 1 0 19 12 1 
1.0 1.0
0 12 5 1 0 18 10 1 0 15 34 1 
0 11 2 0 0 16 35 1 1 18 10 1 
1 12 30 1 0 19 11 0 1 18 9 1 
1.0 1.0
1 20 28 0 0 12 11 0 0 17 10 0 
1 12 10 0 0 9 3 1 0 9 19 1 
0 16 9 0 1 15 23 0 0 15 15 1 
1.0 1.0
0 20 17 1 1 12 18 0 0 4 3 1 
1 11 17 0 0 11 9 0 0 10 7 1 
1 6 4 1 1 25 20 0 0 6 13 0 
1.0 1.0
0 10 19 1 1 15 15 0 0 17 9 0 
1 14 14 0 0 12 5 1 0 6 15 1 
0 24 17 1 0 2 10 0 0 18 19 0 
1.0 1.0
1 14 22 0 0 18 16 0 0 7 2 1 
1 14 11 0 0 17 12 1 0 14 24 1 
0 20 14 0 0 17 27 1 1 16 14 1 
1.0 1.0
1 17 24 1 1 19 21 0 1 15 5 0 
0 9 13 1 1 18 9 1 1 20 26 0 
0 9 0 0 1 10 17 1 1 6 8 0 
1.0 1.0
1 13 23 1 1 17 16 1 0 22 15 1 
0 15 14 0 0 24 17 1 1 5 15 1 
1 19 11 1 1 7 16 0 0 20 19 0 
1.0 1.0
1 10 17 1 0 14 15 0 1 17 10 1 
0 8 10 1 0 26 19 0 1 12 18 0 
1 22 14 0 1 8 14 0 0 2 3 0 
1.0 1.0
0 17 10 0 0 25 17 0 1 0 15 0 
0 17 9 0 1 4 19 0 1 25 17 0 
0 3 19 0 1 10 2 0 1 28 19 0 
1.0 1.0
0 19 16 1 0 15 18 0 1 15 17 1 
0 20 23 0 1 10 11 0 0 20 16 0 
1 16 17 0 1 24 19 0 0 3 6 0 
1.0 1.0
0 30 20 0 0 2 10 0 0 5 8 0 
1 19 26 0 1 17 20 1 1 11 1 1 
1 10 12 0 0 25 15 0 0 10 18 0 
1.0 1.0
1 11 11 0 1 24 15 1 1 7 15 0 
0 20 11 0 0 5 14 0 1 8 8 0 
1 6 14 0 1 16 17 1 1 12 3 1 
1.0 1.0
0 10 4 1 1 13 19 0 0 11 13 1 
0 20 28 1 0 8 9 0 1 16 8 0 
1 11 11 0 1 24 16 0 0 9 17 1 
1.0 1.0
1 17 25 1 0 15 11 1 0 11 9 0 
1 22 16 0 1 11 8 0 1 14 21 0 
0 18 17 1 0 20 28 0 1 17 12 1 
