16
0.0 1.0
1 22 18 1 1 7 15 1 0 13 10 1 1 12 19 0 
1 17 24 0 0 21 18 1 0 12 20 0 0 21 18 1 
1 11 7 1 0 6 14 0 0 5 2 1 1 5 13 1 
0 14 22 0 1 17 13 1 1 20 28 1 0 23 19 0 
0.0 1.0
1 4 8 0 1 18 8 1 0 14 6 0 1 14 20 0 
1 20 9 0 0 27 20 1 1 12 18 0 1 19 24 1 
1 22 13 0 1 14 21 1 0 5 11 1 1 27 16 0 
1 12 19 1 0 6 11 0 1 24 13 0 0 21 14 1 
0.0 1.0
1 18 27 1 0 9 13 1 1 14 8 1 0 21 15 0 
0 4 8 1 1 19 12 0 1 7 1 1 1 9 18 1 
1 20 14 1 1 15 8 0 0 14 24 1 0 14 17 0 
1 22 16 1 1 19 28 1 0 4 7 0 0 5 0 1 
0.0 1.0
1 15 24 0 1 9 0 0 0 22 15 0 0 10 15 0 
1 16 8 1 1 8 0 0 0 15 21 1 1 19 28 0 
0 11 5 1 1 9 14 1 1 14 24 1 1 18 9 0 
1 18 22 0 0 17 28 1 1 27 19 1 1 24 16 0 
1.0 0.0
1 10 7 0 1 21 16 1 1 22 19 0 0 20 19 0 
0 7 3 1 0 17 15 0 0 20 19 0 1 8 6 1 
0 12 10 0 0 19 19 1 1 3 0 0 1 23 18 1 
1 7 5 0 0 6 4 0 0 18 14 1 0 19 18 1 
1.0 0.0
1 5 10 0 0 5 16 1 1 8 5 1 1 15 12 0 
0 13 24 1 0 3 0 0 0 15 14 1 1 18 23 0 
0 13 11 1 1 16 14 1 0 20 27 1 0 4 15 1 
1 19 17 1 1 9 15 1 1 4 14 1 0 10 7 0 
1.0 0.0
1 13 10 1 0 13 22 0 0 18 27 1 1 17 6 0 
0 14 23 0 0 7 15 0 0 21 12 1 0 14 11 0 
1 14 21 0 1 25 15 1 0 19 16 0 1 16 25 1 
1 18 7 0 1 15 12 1 0 3 13 1 0 17 26 1 
1.0 0.0
1 9 14 1 1 16 22 0 0 20 29 0 0 8 7 0 
0 3 10 0 1 12 21 1 1 9 7 0 1 7 12 1 
1 17 25 0 1 18 17 1 0 10 15 0 0 8 15 0 
1 12 11 1 1 20 25 1 1 14 20 0 0 6 15 0 
0.0 0.0
1 3 10 0 0 7 1 1 0 14 13 1 1 16 16 0 
1 17 9 0 0 18 16 0 1 19 19 0 1 16 24 1 
1 3 1 1 0 17 19 1 0 4 13 1 0 19 13 1 
1 15 16 1 1 18 25 0 1 23 15 0 0 15 13 0 
0.0 0.0
1 30 20 0 1 15 15 1 0 15 7 1 1 17 16 0 
1 18 18 1 0 13 4 0 0 16 16 0 1 18 9 1 
1 15 6 1 1 2 2 1 1 27 17 0 0 20 20 0 
0 16 17 1 1 18 9 1 0 2 3 1 0 11 2 0 
0.0 0.0
1 24 19 1 1 4 11 0 1 10 12 0 0 12 2 0 
1 6 13 0 1 20 22 0 1 30 19 0 1 11 5 0 
0 9 13 1 0 29 20 1 1 18 13 1 0 10 19 1 
1 26 16 1 1 20 14 0 0 9 18 1 0 19 23 1 
0.0 0.0
0 9 9 1 1 16 19 0 0 19 24 0 0 16 17 1 
0 15 19 0 0 9 14 0 0 10 10 0 1 15 13 0 
0 13 18 0 0 15 16 1 1 20 19 1 1 10 13 0 
0 14 15 1 1 4 3 1 1 13 16 0 1 19 24 1 
1.0 1.0
1 22 17 1 0 11 11 1 0 2 9 1 0 0 8 1 
1 18 17 1 1 9 14 0 1 12 19 1 0 19 15 1 
1 14 20 1 1 7 13 0 0 17 13 1 1 20 19 1 
1 5 11 0 0 20 15 0 0 19 19 1 1 12 18 1 
1.0 1.0
0 10 10 1 0 9 8 1 1 22 19 0 1 7 17 1 
1 15 13 1 1 6 3 0 1 1 10 0 0 14 13 0 
0 20 18 0 0 10 21 1 1 19 17 0 1 11 8 0 
1 7 16 0 0 17 17 1 0 8 7 1 0 18 16 0 
1.0 1.0
1 15 16 1 0 15 13 1 1 19 10 0 1 9 12 0 
0 6 4 1 1 25 17 1 1 17 21 1 0 20 22 1 
0 18 10 0 1 19 23 1 0 16 18 1 1 6 3 1 
0 10 15 1 0 11 12 0 1 23 20 1 1 25 17 1 
1.0 1.0
0 19 17 1 1 22 18 0 1 18 19 1 0 17 17 0 
0 18 16 1 0 6 8 1 1 20 19 0 0 20 17 0 
1 9 9 0 1 4 3 0 1 21 18 1 0 19 17 1 
1 20 19 0 0 18 15 0 1 12 9 1 0 19 20 0 
