20
1.0 0.0
0 14 24 0 0 1 5 1 1 18 22 1 0 17 2 1 
1 10 12 0 0 15 19 0 0 19 4 1 0 15 26 1 
0 16 20 0 1 21 4 0 0 16 27 1 0 18 21 0 
0 27 11 0 0 8 18 0 1 19 22 1 1 15 18 0 
1.0 1.0
1 15 20 0 0 6 7 0 1 16 18 0 1 24 15 1 
1 12 13 1 1 14 16 0 1 18 9 1 1 5 11 1 
1 15 17 0 1 17 8 1 1 13 18 0 1 20 20 0 
0 26 17 0 0 12 19 1 0 20 22 1 1 14 16 0 
1.0 1.0
0 29 19 0 0 6 4 0 0 17 9 0 1 16 36 0 
1 4 1 0 1 20 11 0 0 9 31 1 1 29 19 1 
0 11 4 1 0 15 36 0 1 28 18 1 1 22 20 1 
1 16 37 1 0 18 8 0 0 15 13 0 1 20 11 0 
1.0 1.0
1 19 16 1 1 19 26 1 1 16 13 0 0 5 4 0 
1 7 13 0 1 8 6 1 0 16 15 0 0 15 12 0 
1 7 4 0 1 19 18 1 1 21 17 0 0 4 12 1 
0 15 14 0 0 19 17 1 1 20 27 1 0 16 15 1 
1.0 1.0
0 14 18 0 0 23 18 0 1 13 12 1 1 9 12 1 
0 5 1 1 0 0 0 1 1 7 10 1 1 13 16 0 
1 6 5 1 0 18 21 0 0 8 13 1 0 16 11 0 
0 13 16 0 1 17 21 1 1 12 7 1 0 11 10 0 
1.0 1.0
1 10 18 0 0 17 20 1 1 11 8 1 1 23 15 0 
1 16 18 1 0 18 15 0 1 23 15 0 1 1 10 1 
0 15 13 1 1 19 12 1 0 10 20 1 0 19 22 1 
0 23 16 0 1 5 13 0 0 8 11 1 1 19 16 1 
1.0 1.0
1 9 2 0 0 20 11 0 0 1 3 1 0 18 34 1 
0 26 17 0 0 20 22 1 1 15 29 0 1 20 14 1 
1 17 17 0 1 0 14 0 1 11 5 1 0 22 13 0 
0 5 21 1 1 26 19 0 0 9 0 0 0 14 16 1 
1.0 1.0
0 9 5 0 0 18 22 1 0 12 21 1 1 18 12 1 
1 20 22 0 0 7 16 1 1 10 3 0 0 15 11 0 
1 13 20 0 1 22 16 1 1 14 10 1 1 15 17 0 
0 23 18 1 1 12 7 0 1 2 5 1 0 1 10 1 
1.0 1.0
0 15 6 1 0 18 19 0 0 15 23 0 0 17 20 1 
1 17 18 1 0 11 20 1 1 14 16 1 0 14 4 0 
1 14 21 0 0 17 19 0 0 9 0 1 0 9 11 1 
1 13 15 1 0 15 6 1 1 12 12 0 1 5 13 1 
1.0 1.0
0 16 20 1 1 12 14 1 1 15 21 0 0 25 15 1 
1 10 11 0 0 17 24 0 0 13 3 1 1 11 14 1 
1 13 20 1 0 22 12 1 1 8 11 1 0 15 17 0 
1 26 15 1 0 20 23 0 0 17 20 1 0 6 14 1 
1.0 1.0
1 1 10 1 0 3 11 1 1 27 19 1 1 26 19 1 
0 7 15 1 0 18 11 1 0 20 13 0 1 19 28 1 
0 19 12 1 1 18 10 0 0 14 24 1 1 17 24 1 
0 7 0 0 0 8 17 0 0 20 27 0 1 29 20 0 
1.0 1.0
1 18 21 0 1 4 8 0 0 16 19 0 1 31 19 0 
0 2 7 0 0 18 22 1 1 23 12 1 0 10 15 1 
0 5 8 0 1 21 9 0 1 3 7 1 1 15 20 1 
0 20 10 1 0 10 15 1 0 9 14 0 1 13 15 0 
1.0 1.0
0 10 19 1 0 21 19 1 1 27 19 1 0 2 7 1 
0 6 3 0 0 26 19 1 0 3 7 0 0 11 19 0 
1 25 16 0 0 10 14 0 0 19 27 0 1 16 13 1 
0 2 7 1 0 12 21 1 1 10 6 0 0 15 7 0 
1.0 1.0
0 12 8 0 1 25 16 1 1 9 9 0 0 5 18 0 
1 24 15 1 1 12 13 1 0 12 26 1 0 8 4 0 
1 7 7 0 1 12 24 0 1 8 3 0 1 28 19 1 
1 18 30 0 1 16 11 0 1 25 15 0 1 19 19 0 
1.0 1.0
1 14 10 0 0 19 10 1 1 19 10 0 1 9 31 1 
1 19 9 1 1 13 5 1 0 6 28 0 0 8 6 1 
1 27 18 0 0 4 26 0 0 12 10 1 1 29 18 0 
1 20 41 0 1 18 15 1 1 25 14 0 1 28 20 1 
1.0 1.0
1 17 19 0 0 13 4 0 0 14 6 0 1 11 26 1 
1 19 10 1 1 11 3 1 0 18 33 0 0 7 10 0 
0 24 17 1 0 9 25 1 0 11 14 0 0 11 2 0 
0 10 25 0 0 12 15 0 1 16 6 0 1 16 7 0 
1.0 1.0
0 8 11 1 1 20 14 1 0 21 20 0 0 14 21 1 
1 9 3 1 1 11 10 1 1 17 23 1 0 5 8 1 
0 12 12 1 0 8 14 0 0 15 17 0 1 20 14 1 
0 4 11 1 0 0 2 0 0 23 17 0 0 8 7 0 
1.0 1.0
0 14 23 0 1 18 7 0 0 13 24 1 1 20 11 0 
1 11 0 0 1 13 22 0 1 13 5 1 1 6 15 1 
1 1 10 0 0 17 10 1 1 18 26 0 1 16 5 0 
0 20 13 1 0 4 14 1 1 30 20 1 0 14 24 0 
1.0 1.0
1 17 21 1 1 3 9 0 1 18 17 1 0 11 2 0 
0 17 25 1 0 14 13 0 1 24 15 1 1 20 24 1 
0 18 17 0 1 29 19 0 1 14 17 0 0 7 14 0 
1 28 19 1 1 5 9 1 1 14 20 0 1 12 10 0 
1.0 1.0
1 17 15 1 0 20 22 0 1 18 8 1 1 5 16 1 
0 9 11 0 0 19 9 0 0 18 29 0 0 17 16 1 
0 13 4 1 1 12 22 0 0 8 6 0 0 15 17 0 
0 7 18 0 1 5 3 1 1 13 14 0 0 11 1 0 
