20
1.0 0.0
0 5 2 0 1 6 3 0 0 4 12 0 
0 10 9 1 0 0 9 1 1 16 13 1 
0 19 28 1 1 16 12 0 1 17 14 0 
1.0 0.0
0 22 12 0 1 13 12 1 0 3 17 0 
1 15 14 1 0 4 19 1 0 19 10 1 
1 6 20 1 1 16 6 1 1 20 19 1 
1.0 0.0
1 9 7 1 0 9 12 0 1 18 20 1 
0 15 18 0 1 5 6 0 1 10 7 0 
1 16 18 1 1 14 12 1 1 13 15 0 
1.0 0.0
0 21 18 1 1 19 19 0 1 9 14 0 
1 19 19 0 0 12 19 1 1 22 17 0 
1 14 20 1 1 11 7 1 0 8 10 1 
1.0 0.0
0 18 14 0 1 13 22 0 0 18 15 0 
0 6 16 0 1 23 20 1 0 20 17 1 
0 20 17 0 0 19 16 1 0 17 28 1 
1.0 0.0
0 11 8 0 0 18 13 1 0 20 32 0 
1 11 4 0 0 10 22 0 0 23 20 0 
1 9 20 0 1 3 0 1 1 20 14 1 
1.0 0.0
1 10 20 1 1 16 12 0 1 24 20 1 
0 21 18 0 1 15 10 0 1 11 20 0 
0 22 19 1 0 14 24 0 1 12 9 1 
1.0 1.0
0 12 22 1 0 12 6 1 0 16 18 1 
1 18 11 1 0 14 16 1 1 14 23 1 
0 11 13 1 0 14 23 0 1 9 2 1 
1.0 1.0
1 7 10 1 1 17 23 1 1 25 19 1 
0 0 6 0 1 21 15 1 0 19 23 1 
0 22 16 0 0 11 14 0 1 5 10 0 
1.0 1.0
1 0 2 0 0 19 20 0 0 12 11 0 
0 14 16 1 1 9 8 1 0 12 15 0 
0 20 19 0 0 3 7 1 1 12 13 1 
1.0 1.0
0 9 13 0 0 27 19 1 0 14 23 1 
1 13 4 1 1 16 24 1 0 6 11 1 
0 12 21 1 0 14 19 1 1 30 20 0 
1.0 1.0
0 17 28 1 1 19 16 0 0 15 10 0 
0 14 13 1 1 14 8 0 1 10 19 0 
0 23 18 0 1 16 26 1 1 6 4 1 
1.0 1.0
0 15 17 1 0 23 15 0 0 17 27 0 
0 18 10 0 1 18 27 0 0 6 8 1 
1 20 29 0 0 3 5 1 0 25 17 0 
1.0 1.0
1 9 15 0 1 15 15 0 1 10 4 0 
0 18 19 0 0 8 3 0 1 10 17 1 
0 6 1 0 0 17 25 1 0 20 21 0 
1.0 1.0
0 16 13 1 1 24 13 0 1 11 27 0 
1 26 15 0 1 11 28 1 1 5 1 1 
1 12 28 0 1 21 17 1 0 30 20 0 
1.0 1.0
1 8 10 1 0 4 13 0 0 26 18 0 
0 7 17 1 0 19 11 0 0 18 20 0 
0 25 18 1 1 11 13 1 1 3 11 0 
1.0 1.0
1 12 10 0 1 5 3 1 0 8 14 0 
0 3 2 1 0 7 14 1 0 6 5 0 
0 13 20 1 0 14 14 1 0 12 11 1 
1.0 1.0
1 23 15 1 0 15 26 1 1 6 6 0 
0 8 19 1 1 17 17 0 0 9 1 0 
0 20 22 1 0 25 18 1 0 10 20 0 
1.0 1.0
0 19 10 0 1 17 20 0 1 2 10 1 
0 15 20 1 0 6 15 1 0 16 7 0 
1 7 14 0 0 13 4 0 1 20 23 0 
1.0 1.0
0 4 7 0 0 24 17 0 1 3 10 1 
0 10 4 1 1 17 23 0 0 3 7 1 
0 18 25 0 0 17 20 0 1 21 14 1 
