10
1.0 0.0
1 17 32 1 1 21 22 1 1 31 95 1 1 37 46 1 
1 52 48 1 1 3 27 1 1 12 1 1 1 3 36 1 
1 17 8 1 1 32 32 1 1 86 2 1 1 33 88 1 
1 1 37 1 1 26 27 1 0 29 0 1 1 94 1 1 
1.0 0.0
1 69 95 1 1 30 45 1 1 60 42 1 1 91 17 1 
1 28 74 1 1 61 40 1 1 94 7 1 1 75 96 1 
1 27 69 1 1 58 67 1 1 71 48 1 1 36 23 1 
1 29 4 1 1 1 67 1 1 22 55 1 1 100 13 1 
1.0 0.0
1 47 31 1 1 70 24 1 1 31 43 1 1 34 25 1 
1 27 4 1 1 38 86 1 1 42 88 1 1 99 61 1 
1 26 1 1 1 91 0 1 1 3 68 1 1 0 37 0 
1 43 21 1 1 40 11 1 1 22 16 1 1 7 53 1 
1.0 0.0
1 60 47 1 1 90 65 1 1 52 31 1 1 7 14 1 
1 6 61 1 1 46 21 1 1 21 70 1 1 98 62 1 
1 9 89 1 1 4 76 1 1 84 88 1 1 3 53 1 
1 36 23 1 1 24 98 1 1 33 29 1 1 66 25 1 
1.0 0.0
1 64 67 1 1 69 61 1 1 41 10 1 1 81 81 1 
1 10 76 1 1 49 57 1 1 96 45 1 1 61 53 1 
1 92 19 1 1 57 24 1 1 10 37 1 1 50 69 1 
1 28 82 1 1 74 100 1 1 0 6 1 1 65 99 1 
1.0 1.0
1 45 68 1 1 88 67 1 1 17 63 1 1 3 45 1 
1 42 48 1 1 4 79 1 1 100 48 1 1 88 77 1 
1 93 95 1 1 33 69 1 1 56 30 1 1 6 71 1 
1 1 51 1 1 45 79 1 1 86 22 1 1 36 60 1 
1.0 1.0
1 99 63 1 1 65 38 1 0 0 0 1 1 45 57 1 
1 6 30 1 1 0 0 1 1 45 63 1 1 7 52 1 
1 48 94 1 1 76 31 1 1 67 33 1 1 80 32 1 
1 14 0 1 1 72 54 1 1 13 16 1 1 55 49 1 
1.0 1.0
1 40 37 1 1 53 85 1 1 65 46 1 1 40 43 1 
1 72 86 1 1 60 18 1 1 0 4 1 1 96 48 1 
1 72 63 1 1 67 77 1 1 12 8 1 1 58 35 1 
1 85 98 1 1 78 86 1 1 10 32 1 1 19 28 1 
1.0 1.0
1 14 81 1 1 82 57 1 1 48 95 1 1 84 50 1 
1 11 48 1 1 22 57 1 1 67 66 1 1 81 61 1 
1 90 57 1 1 72 57 1 1 4 1 1 1 54 31 1 
1 23 27 1 1 20 95 1 1 3 99 1 1 34 66 1 
1.0 1.0
1 3 20 1 1 98 37 1 1 87 5 1 1 6 10 1 
1 85 14 1 1 35 66 1 1 39 69 1 1 46 88 1 
1 61 64 1 1 15 30 1 1 51 2 1 1 35 40 1 
1 99 28 1 1 75 49 1 1 39 96 1 1 13 19 1 
