12
0.0 1.0
1 16 16 1 0 12 5 0 1 5 11 0 
1 16 9 1 0 11 19 1 0 9 10 1 
1 9 15 0 0 13 13 0 1 22 15 1 
0.0 1.0
0 2 11 1 1 4 12 1 0 11 19 0 
0 20 28 0 0 18 27 1 1 12 19 0 
0 17 26 1 0 14 23 1 0 12 21 1 
0.0 1.0
1 10 12 0 0 16 13 1 0 14 16 1 
1 20 15 0 0 12 13 0 1 10 12 0 
0 15 16 0 0 17 20 0 1 16 11 0 
1.0 0.0
0 13 20 0 1 11 11 1 1 19 23 1 
1 11 11 1 1 16 19 0 1 13 20 1 
1 12 15 0 1 8 15 1 1 16 15 0 
1.0 0.0
0 7 11 1 1 23 17 0 0 9 12 0 
1 11 5 0 1 14 16 0 1 17 20 1 
1 10 12 0 1 14 17 1 0 25 20 0 
1.0 0.0
0 18 11 0 0 16 15 0 0 12 14 0 
1 15 14 1 1 13 14 0 0 7 1 1 
0 18 20 0 1 21 14 1 0 18 17 0 
0.0 0.0
0 0 7 1 0 7 13 0 1 6 12 1 
0 20 27 1 1 5 11 1 0 17 24 1 
1 11 16 0 0 20 26 0 0 13 19 0 
0.0 0.0
0 13 20 0 0 18 18 0 0 8 2 1 
0 11 12 1 0 20 13 0 1 20 27 1 
1 26 19 1 0 17 24 0 0 13 14 1 
0.0 0.0
1 23 18 1 1 14 18 0 0 20 20 0 
0 14 20 1 0 16 17 1 1 17 12 1 
1 20 20 1 1 16 10 0 0 20 25 0 
1.0 1.0
1 9 15 1 0 6 7 1 0 10 8 1 
0 16 17 1 0 16 14 1 1 7 12 0 
1 5 2 1 0 6 13 1 1 5 4 0 
1.0 1.0
1 19 11 1 0 11 14 0 0 15 17 0 
0 13 17 1 1 7 9 1 0 23 16 1 
0 12 15 1 1 19 11 1 0 0 3 0 
1.0 1.0
0 15 18 0 1 22 20 1 0 11 11 1 
1 17 15 1 1 15 14 1 0 13 16 0 
1 12 11 1 0 13 16 0 0 16 15 1 
