7
0.0 1.0
1 6 1 0 1 17 11 1 1 5 14 0 
0 16 10 0 0 12 22 0 0 19 16 1 
1 15 25 1 1 22 17 0 1 22 15 0 
1.0 0.0
1 14 21 0 1 8 4 1 0 18 17 0 
0 19 15 0 0 12 12 1 1 16 23 0 
1 10 9 1 1 16 23 0 1 16 11 0 
1.0 0.0
1 20 20 0 0 19 10 0 0 23 14 1 
1 26 17 1 0 23 13 0 1 7 7 0 
0 14 4 0 1 19 19 0 1 22 13 1 
1.0 0.0
1 20 22 0 1 16 9 0 0 3 0 0 
1 20 14 1 0 3 1 1 0 6 9 0 
1 15 12 1 0 13 16 0 0 24 18 0 
1.0 1.0
1 7 17 1 1 12 20 0 1 18 16 1 
1 7 15 0 0 17 16 1 0 17 28 1 
0 19 18 1 1 11 21 1 1 3 12 1 
1.0 1.0
1 13 23 1 1 19 28 0 1 21 15 1 
1 7 17 1 0 26 20 0 1 9 18 0 
1 18 11 0 1 15 25 1 1 3 12 0 
1.0 1.0
1 27 17 1 1 20 18 1 0 21 19 1 
0 19 18 1 1 19 16 1 0 25 16 1 
1 22 19 1 1 29 19 1 0 16 15 1 
