40
0.0 1.0
1 18 20 1 1 12 13 1 1 12 10 1 
1 0 14 0 1 2 0 1 1 0 4 1 
1 11 13 1 1 19 20 1 0 1 0 1 
0.0 1.0
1 6 0 1 1 19 19 1 1 12 11 1 
1 11 5 1 1 16 10 1 1 8 4 1 
1 18 6 1 1 13 17 1 1 19 19 1 
0.0 1.0
1 12 12 1 1 13 16 1 1 0 12 0 
1 6 6 1 1 0 14 1 1 4 15 1 
1 1 1 1 1 6 18 1 1 5 15 1 
0.0 1.0
1 6 9 1 1 19 19 1 1 17 1 1 
1 17 5 1 1 16 16 1 1 10 0 1 
1 10 11 1 1 14 14 1 1 0 19 1 
0.0 1.0
1 15 16 1 1 5 6 1 1 0 12 1 
1 12 20 1 1 3 2 1 1 18 15 1 
1 9 1 1 1 14 15 1 1 2 5 1 
0.0 1.0
1 18 18 1 1 10 9 1 1 20 20 1 
1 18 18 1 1 16 1 1 1 13 13 1 
1 5 3 1 1 13 5 1 1 0 9 0 
0.0 1.0
1 3 12 1 1 15 10 1 1 15 17 1 
1 15 19 1 1 10 4 1 1 8 12 1 
1 20 20 1 1 19 19 1 1 14 14 1 
0.0 1.0
1 19 16 1 1 7 10 1 1 10 18 1 
1 4 4 1 1 2 2 1 1 1 1 1 
1 0 19 1 1 13 1 1 1 8 3 1 
0.0 1.0
1 8 1 1 1 2 17 1 0 19 0 1 
1 2 2 1 1 10 10 1 1 15 15 1 
1 8 4 1 1 16 10 1 1 18 18 1 
0.0 1.0
1 14 14 1 1 8 11 1 1 1 2 1 
1 18 18 1 1 15 15 1 1 20 11 1 
1 14 14 1 1 10 14 1 1 6 12 1 
1.0 0.0
1 8 8 1 1 12 6 1 1 20 3 1 
1 11 3 1 1 9 6 1 1 12 0 1 
1 5 17 1 1 11 11 1 1 1 6 1 
1.0 0.0
1 16 13 1 1 4 15 1 1 16 15 1 
1 15 10 1 1 17 10 1 1 2 5 1 
1 12 8 1 1 10 14 1 1 17 20 1 
1.0 0.0
1 20 17 1 1 14 5 1 1 7 15 1 
1 6 0 1 1 0 16 0 1 0 10 1 
1 11 11 1 1 17 6 1 1 17 14 1 
1.0 0.0
1 11 14 1 1 6 2 1 1 6 12 1 
1 12 4 1 1 19 1 1 1 0 9 1 
1 12 4 1 1 0 18 0 1 18 7 1 
1.0 0.0
1 13 16 1 1 13 9 1 1 14 14 1 
1 17 6 1 1 14 7 1 1 2 16 1 
1 1 5 1 1 3 1 1 1 13 12 1 
1.0 0.0
1 5 20 1 1 3 10 1 1 11 8 1 
1 5 9 1 1 11 4 1 1 11 2 1 
1 9 10 1 1 11 0 1 1 13 10 1 
1.0 0.0
0 0 0 1 0 10 0 1 1 20 2 1 
1 3 2 1 1 15 1 1 1 17 8 1 
1 1 14 1 1 1 14 1 1 11 8 1 
1.0 0.0
0 18 0 1 1 13 0 1 1 12 13 1 
1 9 20 1 1 12 13 1 1 4 3 1 
1 18 18 1 1 16 12 1 1 11 20 1 
1.0 0.0
1 0 14 0 1 17 0 1 1 4 5 1 
1 13 15 1 1 5 11 1 1 3 9 1 
1 7 18 1 1 15 3 1 1 17 11 1 
1.0 0.0
1 10 20 1 1 10 13 1 1 19 5 1 
1 20 14 1 1 0 16 0 1 19 14 1 
1 5 17 1 1 0 6 0 1 15 20 1 
0.0 0.0
1 3 7 1 1 12 7 1 1 14 14 1 
1 19 7 1 1 13 9 1 1 5 5 1 
1 5 12 1 1 17 7 1 1 11 11 1 
0.0 0.0
1 5 18 1 1 6 6 1 1 0 7 0 
1 15 8 1 1 12 12 1 1 11 12 1 
1 18 7 1 1 8 8 1 1 17 5 1 
0.0 0.0
1 3 12 1 0 2 0 1 1 16 2 1 
1 20 20 1 1 17 17 1 1 2 2 1 
1 10 6 1 1 1 20 1 1 14 1 1 
0.0 0.0
1 9 13 1 1 2 7 1 1 10 14 1 
1 5 1 1 1 11 0 1 1 13 9 1 
1 13 5 1 1 8 3 1 1 12 4 1 
0.0 0.0
1 0 5 0 1 12 16 1 1 8 14 1 
1 9 17 1 1 3 13 1 1 20 15 1 
1 4 7 1 1 17 19 1 1 5 8 1 
0.0 0.0
1 7 7 1 1 11 11 1 1 19 19 1 
1 9 6 1 1 9 8 1 1 5 0 1 
1 18 6 1 0 7 0 1 1 16 6 1 
0.0 0.0
1 11 1 1 1 3 15 1 1 0 3 1 
1 1 6 1 1 5 14 1 1 16 13 1 
1 19 19 1 1 10 10 1 1 4 4 1 
0.0 0.0
1 16 16 1 1 7 19 1 1 20 12 1 
1 20 8 1 1 13 9 1 1 0 7 1 
1 20 8 1 1 2 10 1 1 4 3 1 
0.0 0.0
1 16 12 1 1 13 1 1 1 2 16 1 
1 7 12 1 1 20 14 1 1 12 19 1 
1 7 14 1 1 3 3 1 1 9 9 1 
0.0 0.0
1 15 6 1 1 15 14 1 1 9 5 1 
1 18 17 1 1 20 20 1 1 8 17 1 
1 0 17 0 1 5 7 1 1 2 10 1 
1.0 1.0
1 12 20 1 1 1 14 1 1 11 1 1 
1 17 8 1 1 7 14 1 1 14 17 1 
1 12 11 1 1 15 14 1 1 0 3 0 
1.0 1.0
1 17 8 1 1 8 5 1 1 19 4 1 
1 15 5 1 1 2 13 1 1 4 11 1 
1 0 6 1 0 7 0 1 1 1 14 1 
1.0 1.0
1 9 9 1 1 17 0 1 1 1 4 1 
1 2 0 1 1 11 5 1 0 3 0 1 
1 18 9 1 1 18 12 1 0 18 0 1 
1.0 1.0
1 19 1 1 1 0 0 0 1 13 3 1 
1 0 1 0 1 14 2 1 1 10 4 1 
1 0 0 1 1 13 19 1 1 14 3 1 
1.0 1.0
1 20 1 1 1 20 12 1 1 8 7 1 
1 13 15 1 1 7 2 1 1 13 9 1 
0 16 0 1 1 20 15 1 1 12 8 1 
1.0 1.0
1 19 4 1 1 2 0 1 1 0 2 0 
1 20 20 1 1 20 2 1 1 19 20 1 
1 6 20 1 1 4 0 1 1 2 1 1 
1.0 1.0
1 14 7 1 1 9 3 1 1 18 12 1 
1 5 14 1 1 0 13 0 1 16 5 1 
1 18 14 1 1 10 4 1 1 7 9 1 
1.0 1.0
1 14 16 1 1 13 1 1 1 19 5 1 
1 13 14 1 1 16 9 1 1 6 18 1 
1 0 7 1 1 2 1 1 1 18 14 1 
1.0 1.0
1 16 20 1 1 13 13 1 1 4 8 1 
1 1 13 1 1 14 4 1 0 14 0 1 
1 18 16 1 1 20 6 1 1 11 2 1 
1.0 1.0
1 17 10 1 0 13 0 1 1 5 4 1 
1 19 13 1 1 13 8 1 1 19 18 1 
1 8 3 1 1 9 0 1 1 10 13 1 
