30
1.0 0.0
0 15 24 0 1 29 18 0 0 8 13 0 0 16 9 0 
0 18 8 0 1 16 20 0 0 27 20 0 0 19 28 0 
1 20 25 1 0 18 11 0 0 16 25 0 1 17 6 0 
1 22 14 0 0 13 22 0 0 24 15 1 1 14 18 0 
1.0 0.0
0 14 12 1 0 6 14 0 0 9 14 1 1 19 15 1 
1 10 18 1 1 12 16 1 1 21 16 0 1 11 8 1 
0 14 18 0 1 21 17 1 0 18 16 1 1 11 19 1 
1 10 5 0 0 13 10 0 0 11 20 1 1 8 12 1 
1.0 0.0
0 5 15 1 1 4 9 0 0 5 6 0 0 16 10 0 
1 12 18 1 1 11 11 0 1 26 19 0 0 8 18 1 
0 19 20 0 1 18 11 0 0 14 24 1 1 4 9 0 
1 21 14 0 0 19 29 1 0 7 14 1 0 15 16 0 
1.0 0.0
1 7 9 0 1 16 26 1 1 21 19 1 0 22 17 0 
0 8 19 1 0 18 17 1 1 17 12 1 0 17 21 1 
1 13 11 1 1 17 11 0 0 13 17 1 0 15 25 0 
1 14 9 1 0 14 17 0 0 17 27 0 1 19 17 1 
1.0 0.0
0 10 19 1 1 13 14 1 1 9 13 0 1 12 13 0 
0 18 20 1 0 10 16 1 0 16 19 1 0 13 22 1 
1 11 16 1 0 19 22 1 0 15 24 1 1 18 19 1 
1 14 16 1 0 3 12 1 1 14 14 0 1 15 19 0 
1.0 0.0
1 8 17 0 1 18 11 1 1 16 9 0 1 9 6 0 
1 21 14 1 1 14 7 0 0 19 18 1 1 10 19 0 
1 25 18 0 0 22 20 0 0 8 19 1 0 12 6 1 
0 15 14 1 0 11 21 0 0 21 15 1 0 16 11 1 
1.0 0.0
0 15 13 1 0 19 10 1 1 14 18 1 0 20 15 0 
1 25 14 0 1 12 16 1 0 15 10 0 0 19 17 1 
1 17 21 1 0 7 3 1 1 19 15 0 1 27 17 1 
0 22 17 0 1 9 6 1 0 29 19 0 0 16 20 0 
1.0 1.0
0 23 15 0 1 11 11 0 1 5 8 0 0 9 17 0 
1 20 20 0 1 15 19 1 1 11 18 0 0 15 7 0 
1 10 14 1 1 18 25 0 0 27 19 0 1 14 15 1 
0 11 20 1 1 19 11 1 1 18 19 1 1 20 24 1 
1.0 1.0
1 11 13 0 1 16 21 0 0 10 19 0 0 19 15 0 
1 5 11 1 1 2 11 1 0 21 17 0 0 18 21 0 
0 10 19 0 1 15 10 0 1 15 17 0 1 5 11 1 
0 20 17 1 0 17 20 0 1 8 14 1 1 7 15 0 
1.0 1.0
1 25 18 1 0 18 20 1 1 18 23 1 1 20 14 0 
0 11 13 1 0 8 14 1 0 13 9 1 0 17 10 0 
1 14 19 1 0 23 19 1 0 11 4 0 1 20 21 1 
0 14 9 0 1 19 12 1 0 16 18 1 0 11 17 1 
1.0 1.0
1 15 18 0 1 13 14 1 1 13 9 0 1 23 14 1 
1 18 18 0 0 23 20 0 1 17 7 0 1 11 14 0 
0 5 2 0 1 23 13 0 0 13 18 1 1 19 20 1 
1 22 12 0 1 12 15 0 0 6 8 1 0 16 14 1 
1.0 1.0
1 18 23 1 0 9 11 1 1 20 21 0 1 21 14 0 
0 10 12 1 0 12 15 1 0 13 7 0 0 11 17 1 
0 13 16 1 1 18 12 1 0 4 9 0 0 19 20 0 
0 25 19 0 0 12 17 0 0 16 17 0 1 9 11 1 
1.0 1.0
0 18 14 0 0 27 18 1 0 12 17 0 1 13 4 1 
0 15 5 0 0 6 11 0 1 26 17 1 0 20 16 0 
1 20 25 1 0 22 14 1 0 22 19 1 0 15 6 1 
1 15 5 0 0 23 20 1 1 27 16 0 0 14 20 1 
1.0 1.0
1 5 10 0 0 11 19 1 1 3 11 1 1 7 6 1 
1 12 19 1 1 18 26 1 1 20 18 0 0 19 26 1 
1 15 22 0 0 0 0 1 0 19 26 1 0 11 18 0 
0 15 14 0 1 4 10 1 1 13 20 1 1 8 16 1 
1.0 1.0
1 22 15 1 1 20 9 0 0 12 4 1 1 17 9 1 
1 23 12 0 0 17 9 1 1 24 16 1 1 27 19 0 
0 15 7 1 0 23 16 1 0 19 13 1 1 27 17 1 
0 18 11 1 1 14 7 1 1 28 17 0 1 11 2 1 
1.0 1.0
0 24 20 0 0 15 19 1 0 14 21 1 0 23 15 1 
1 18 20 0 1 4 10 1 0 25 17 1 0 20 16 0 
0 8 14 0 0 21 13 1 0 4 1 1 0 20 23 0 
0 16 7 0 1 21 17 1 0 19 22 0 0 10 17 1 
1.0 1.0
0 18 9 0 0 20 13 1 0 7 5 1 1 11 4 0 
0 11 4 1 1 9 5 0 1 11 4 0 1 23 13 0 
1 6 3 1 0 25 19 0 1 12 2 0 0 9 2 1 
0 25 20 1 0 19 10 0 1 18 10 1 0 19 16 0 
1.0 1.0
0 11 17 0 1 15 16 1 1 30 19 0 0 5 15 0 
0 19 21 1 1 14 4 1 0 14 24 0 1 17 23 1 
1 29 19 1 1 4 14 1 1 12 17 0 0 12 13 0 
1 7 17 1 1 14 20 1 0 13 14 0 1 23 12 0 
1.0 1.0
1 14 12 1 0 6 16 0 1 8 6 0 0 3 8 0 
0 14 25 1 0 6 5 0 0 18 24 1 0 20 18 0 
1 15 13 0 1 16 20 0 1 19 17 1 0 16 27 1 
1 13 17 0 0 19 18 1 1 14 23 0 1 16 14 0 
1.0 1.0
1 15 12 0 0 23 15 0 1 20 20 0 1 16 13 1 
1 19 10 0 1 15 15 0 1 23 20 1 0 17 16 1 
1 8 8 0 1 20 17 1 0 16 14 0 0 19 11 0 
0 10 8 1 0 10 9 1 0 13 6 1 1 16 17 1 
1.0 1.0
1 8 10 0 1 20 15 0 1 16 12 0 0 19 19 1 
1 21 17 1 0 17 15 1 0 12 12 1 0 10 14 1 
1 18 14 0 1 10 8 0 1 18 20 0 0 19 15 0 
1 14 13 1 0 16 19 0 1 25 20 0 1 20 17 1 
1.0 1.0
1 31 20 0 1 5 15 1 1 9 16 0 0 18 24 0 
0 2 13 1 1 13 21 1 1 13 19 1 1 26 15 0 
1 20 28 1 0 5 11 0 1 24 14 1 0 9 20 1 
0 14 21 1 0 24 15 1 0 1 11 0 0 19 27 0 
1.0 1.0
1 15 11 0 1 14 11 0 1 16 7 1 1 15 7 1 
0 17 15 0 0 20 11 0 0 14 7 1 1 19 16 1 
0 20 11 0 0 12 5 1 1 17 14 1 1 14 11 0 
1 22 14 1 0 20 17 0 1 15 12 0 0 10 1 0 
1.0 1.0
1 24 20 1 0 18 11 1 1 5 14 1 0 17 8 0 
1 11 2 0 0 15 25 1 0 19 11 1 0 18 14 0 
1 18 27 1 0 16 7 0 1 20 16 1 0 27 20 1 
0 17 8 0 0 20 16 0 1 26 17 0 1 17 25 0 
1.0 1.0
1 15 6 1 1 9 14 0 1 9 17 0 0 20 19 1 
0 8 14 0 0 10 20 1 0 16 14 0 1 20 11 1 
0 13 22 0 0 20 18 0 1 19 10 1 1 18 23 0 
0 22 20 0 1 13 3 0 0 0 7 1 0 7 17 1 
1.0 1.0
1 11 19 0 1 21 19 1 1 19 26 1 1 7 10 0 
1 4 2 1 0 11 18 0 1 7 10 0 0 12 21 0 
1 8 14 0 0 20 24 0 0 18 27 0 0 2 0 0 
1 17 20 0 1 1 10 1 1 12 10 1 0 11 19 1 
1.0 1.0
1 18 10 0 1 26 18 1 0 17 22 1 1 19 20 1 
0 20 12 0 1 13 17 1 0 16 17 0 0 21 14 0 
0 11 15 0 1 20 20 0 1 14 6 0 1 27 18 0 
1 20 21 1 0 12 5 0 1 28 19 0 0 12 16 0 
1.0 1.0
1 12 22 1 1 19 20 1 0 0 6 0 1 20 22 0 
0 5 7 1 0 5 12 1 0 13 16 0 0 7 18 1 
0 12 19 1 1 10 13 1 0 3 13 0 1 15 15 0 
1 16 18 0 1 14 23 0 0 15 16 0 0 17 23 0 
1.0 1.0
0 11 18 0 0 11 10 0 0 16 7 1 1 18 14 1 
0 20 20 1 1 28 17 0 1 9 4 0 0 11 19 1 
1 19 9 1 0 20 16 0 0 7 15 1 0 12 12 1 
0 13 9 0 1 18 25 1 0 11 10 0 0 16 6 0 
1.0 1.0
0 20 19 0 1 18 25 0 1 15 15 0 1 6 4 1 
1 15 22 0 0 17 18 0 0 15 13 0 0 13 13 1 
0 15 16 0 1 16 13 0 1 15 13 0 0 9 18 1 
0 11 10 1 0 20 19 0 1 16 23 0 1 20 20 0 
