20
1.0 0.0
0 10 18 0 0 17 14 0 0 11 27 1 
0 5 3 1 0 20 36 1 0 1 10 1 
0 7 23 1 1 9 16 0 0 20 18 1 
1.0 0.0
0 16 17 0 1 12 5 1 0 13 40 1 
0 17 10 0 1 18 44 1 1 9 10 1 
0 18 44 0 1 4 5 1 1 9 2 1 
1.0 0.0
1 28 18 0 1 12 8 1 0 12 46 1 
0 17 13 0 1 2 35 1 1 10 0 0 
1 16 48 0 1 20 10 0 0 21 17 0 
1.0 0.0
1 9 18 0 1 12 5 1 1 17 33 0 
1 22 14 0 0 1 18 0 1 19 28 0 
0 9 27 1 1 6 15 0 0 19 12 0 
1.0 0.0
0 19 20 0 1 8 11 1 1 19 34 0 
0 10 13 0 1 4 19 0 0 19 21 1 
0 17 34 1 1 10 11 1 1 15 17 0 
1.0 0.0
1 15 18 1 1 9 18 1 0 1 10 1 
0 20 30 1 1 12 20 1 1 14 16 0 
0 19 27 0 0 4 7 0 1 8 16 0 
1.0 1.0
1 14 14 0 0 13 22 1 1 10 20 0 
1 16 24 1 0 3 14 0 0 17 18 0 
0 18 30 1 0 17 19 1 0 10 19 1 
1.0 1.0
0 8 10 0 1 17 23 1 0 14 26 0 
0 13 19 0 1 9 20 0 0 9 11 0 
0 19 31 0 1 19 20 0 0 14 20 0 
1.0 1.0
1 11 15 0 1 20 13 1 0 13 36 1 
1 19 11 0 1 19 40 0 0 13 18 0 
0 18 41 1 0 3 9 1 0 13 7 1 
1.0 1.0
0 9 11 0 1 20 20 0 0 2 20 1 
1 17 17 0 0 18 36 1 1 2 3 0 
0 8 26 1 1 18 19 0 1 17 18 1 
1.0 1.0
1 17 10 1 1 7 7 0 0 5 32 1 
1 19 19 0 1 12 37 0 1 14 6 0 
0 7 34 1 0 17 10 0 0 5 7 1 
1.0 1.0
1 1 4 1 0 23 20 0 0 3 23 0 
1 16 12 0 0 10 30 0 1 18 20 0 
0 18 39 1 0 12 15 0 1 20 17 1 
1.0 1.0
0 10 7 1 1 21 18 0 0 10 37 1 
0 16 14 0 1 0 25 0 0 8 5 1 
0 12 38 0 1 11 7 1 0 11 10 1 
1.0 1.0
1 20 9 0 0 15 13 0 1 0 32 1 
1 19 16 0 0 19 51 0 0 29 20 1 
1 4 35 0 1 21 11 1 0 6 4 0 
1.0 1.0
1 5 5 0 1 16 15 1 1 20 39 0 
1 1 0 1 1 19 39 1 1 3 3 0 
1 4 23 0 1 5 6 1 0 3 2 0 
1.0 1.0
0 20 15 1 1 17 19 1 1 0 23 0 
1 20 22 1 0 18 42 0 0 11 6 1 
0 15 40 1 0 18 13 1 1 8 10 1 
1.0 1.0
0 15 25 1 0 4 2 0 0 5 18 0 
0 17 16 1 0 8 21 0 0 4 13 0 
1 18 31 1 1 20 28 0 1 16 13 0 
1.0 1.0
0 8 1 1 0 21 17 0 1 16 47 0 
0 20 17 1 0 15 48 1 0 23 15 0 
1 5 37 1 1 15 7 1 1 16 11 0 
1.0 1.0
0 17 13 0 1 18 19 1 1 11 34 1 
0 15 16 0 1 9 31 0 1 15 10 0 
0 14 38 1 1 13 8 0 0 19 20 0 
1.0 1.0
0 19 30 1 1 21 16 1 0 14 29 0 
1 25 19 0 0 7 22 0 0 16 27 1 
1 5 19 0 0 14 24 0 0 21 16 0 
