20
1.0 0.0
0 21 20 1 1 10 17 0 0 19 9 0 1 14 22 0 0 18 14 0 
0 19 28 1 1 15 5 1 1 2 10 0 0 19 15 0 1 10 7 0 
1 12 2 1 0 0 9 0 1 24 19 0 0 19 17 0 1 1 8 0 
1 11 20 1 1 16 11 0 1 18 15 0 0 12 21 1 0 12 3 1 
1 15 10 0 1 5 3 1 0 19 27 0 0 29 20 1 1 16 25 1 
1.0 0.0
1 15 21 0 0 10 20 1 0 14 16 0 1 12 7 1 0 24 12 0 
1 14 22 0 1 12 13 0 1 7 2 1 1 22 9 0 0 15 23 1 
0 16 18 0 1 24 19 1 1 28 16 1 0 20 28 1 0 18 27 0 
0 7 2 0 0 30 18 0 1 20 27 1 0 20 29 0 0 1 3 0 
1 18 6 1 0 8 16 1 0 20 30 1 0 16 19 1 0 22 17 0 
1.0 0.0
1 24 14 0 0 25 16 1 0 1 12 1 0 19 18 0 0 14 25 0 
0 16 7 1 1 15 25 1 0 14 14 1 0 13 24 0 0 19 11 1 
1 11 20 0 1 5 4 1 0 18 30 1 0 24 15 0 1 30 19 0 
1 17 16 1 0 5 17 1 1 26 16 0 1 18 8 1 0 14 25 1 
1 20 30 0 1 20 11 1 1 29 19 1 0 8 19 1 1 20 18 0 
1.0 0.0
0 8 9 0 1 16 12 1 1 16 6 0 0 14 19 0 1 7 15 1 
0 14 11 1 1 19 10 1 0 18 24 1 0 8 17 1 1 5 5 0 
1 20 10 0 0 0 6 1 0 13 21 0 1 19 20 1 0 11 8 1 
0 12 18 1 0 2 11 1 0 8 10 1 1 13 9 1 0 22 14 1 
1 5 13 1 1 19 20 1 1 4 0 1 0 15 6 0 1 12 17 1 
1.0 0.0
0 19 15 1 1 20 21 1 1 19 20 0 1 17 8 0 0 17 29 1 
0 18 19 0 0 19 22 1 0 24 17 1 1 16 26 0 1 17 12 1 
0 15 17 0 0 17 9 0 0 20 32 1 0 16 11 0 1 20 20 0 
1 19 11 1 0 5 17 1 1 22 17 1 0 4 5 0 0 15 18 1 
1 10 21 1 1 21 16 1 0 13 14 0 0 2 5 1 0 27 20 1 
1.0 1.0
0 11 7 1 0 21 14 0 0 17 22 0 1 20 17 0 0 7 18 1 
1 15 7 0 0 15 20 0 0 13 11 0 0 5 16 1 0 24 19 0 
0 5 10 0 1 14 12 1 0 11 21 0 0 17 13 1 1 18 11 1 
0 13 11 0 1 14 23 0 0 15 11 1 0 17 11 1 1 14 18 0 
0 9 19 0 1 23 18 1 0 17 11 1 1 13 18 1 0 21 19 0 
1.0 1.0
0 13 8 1 0 19 18 0 0 7 11 1 0 11 2 1 0 9 24 0 
0 12 12 1 0 13 17 1 1 18 8 1 1 5 20 1 1 15 8 0 
0 13 16 0 1 25 15 1 1 14 28 0 0 23 18 1 1 17 15 0 
1 14 4 1 0 16 31 0 0 14 9 1 0 4 3 0 0 10 13 0 
1 14 29 1 0 12 6 0 1 17 16 1 0 6 10 1 1 17 6 0 
1.0 1.0
1 9 5 1 0 6 7 0 0 13 18 1 1 17 22 0 1 21 15 1 
0 4 6 1 1 11 14 0 1 20 25 0 0 20 15 1 0 19 15 0 
1 6 9 0 1 13 18 0 1 14 7 0 1 19 14 0 0 14 16 1 
1 12 17 0 0 20 14 0 0 8 4 0 1 20 20 0 1 0 3 0 
1 17 11 1 1 22 17 0 1 6 7 1 0 18 23 1 1 5 10 0 
1.0 1.0
0 20 12 1 0 5 9 0 0 13 11 0 0 17 12 0 0 12 26 1 
1 18 21 0 1 20 17 0 1 15 10 1 1 11 23 0 0 27 18 0 
1 16 14 1 0 19 14 0 1 20 32 0 0 24 15 0 0 15 20 1 
1 20 15 1 0 20 34 1 1 23 14 1 1 1 5 1 1 13 10 0 
0 13 26 0 1 16 7 1 1 11 14 0 0 18 17 1 1 17 12 1 
1.0 1.0
0 13 5 0 1 16 17 1 0 8 8 1 1 10 16 1 1 14 16 0 
0 8 10 1 1 11 9 0 1 10 16 1 0 10 14 1 0 28 20 0 
0 17 16 0 0 11 17 0 0 15 19 1 1 17 8 0 1 16 17 1 
0 17 24 1 1 13 16 1 1 23 15 1 1 20 20 0 0 9 9 1 
1 17 20 1 1 12 4 1 1 18 18 0 0 8 8 1 1 13 19 1 
1.0 1.0
0 12 19 0 1 19 25 1 1 6 4 1 0 14 6 1 1 9 8 1 
0 7 13 0 0 14 13 1 0 27 19 1 0 21 20 0 1 11 17 0 
1 16 13 0 1 18 9 1 1 9 7 0 1 3 9 0 1 17 23 1 
1 16 7 1 1 6 4 0 1 3 9 0 0 0 7 1 1 16 14 1 
0 8 7 0 0 1 8 0 0 13 20 1 1 11 8 0 0 14 6 1 
1.0 1.0
0 17 11 1 1 11 20 1 1 7 8 0 0 20 26 1 1 26 18 1 
0 14 24 1 0 11 13 0 1 0 4 0 0 27 19 0 1 26 18 0 
1 14 15 0 1 12 16 0 1 20 11 0 1 24 16 0 1 6 15 1 
0 15 20 0 0 13 6 1 1 23 16 1 1 10 19 1 1 19 20 0 
1 20 12 1 1 15 8 1 1 12 21 1 1 8 9 0 1 12 17 1 
1.0 1.0
1 24 15 0 0 16 18 0 1 20 11 1 1 10 8 0 0 2 19 0 
1 12 13 0 1 22 13 1 0 8 8 1 1 2 18 0 0 12 5 1 
0 20 12 1 1 18 17 1 1 0 17 1 0 16 9 1 0 8 11 1 
0 16 16 1 0 5 23 1 0 16 8 0 0 15 17 0 1 21 12 1 
0 1 19 1 0 26 19 1 1 15 16 0 1 12 3 1 1 20 18 0 
1.0 1.0
0 12 18 1 0 20 13 1 1 14 15 1 1 10 6 0 1 13 19 1 
1 10 1 0 1 20 21 1 0 18 15 0 0 13 20 1 1 10 15 1 
0 13 14 0 1 18 15 1 0 9 15 0 1 16 20 0 0 27 20 1 
1 19 15 0 1 14 19 0 0 8 14 1 0 9 1 0 0 14 16 1 
1 19 25 1 1 15 20 1 0 23 15 0 1 6 6 0 1 4 0 0 
1.0 1.0
0 30 20 0 1 8 8 0 1 11 20 0 1 9 1 1 0 11 19 0 
1 19 20 1 0 2 12 0 0 10 3 1 1 12 19 0 1 26 16 1 
0 1 11 0 1 13 5 1 0 18 27 1 1 16 6 1 0 17 19 1 
0 24 16 0 0 6 15 1 1 23 13 1 0 14 15 0 1 8 17 0 
1 9 16 0 0 14 5 1 1 6 7 1 1 12 21 0 0 8 0 0 
1.0 1.0
1 19 16 1 1 12 13 1 0 23 16 0 1 8 14 0 0 13 16 0 
0 16 17 0 1 20 12 0 1 6 13 1 1 14 17 1 1 21 18 1 
1 23 15 0 0 12 19 0 0 15 18 0 1 11 8 1 1 6 6 0 
1 8 14 0 1 12 15 1 0 20 17 0 0 16 17 0 0 19 12 0 
1 13 15 0 1 20 17 1 1 16 17 1 0 17 10 0 1 11 18 1 
1.0 1.0
1 9 18 1 0 4 8 0 1 18 21 1 1 18 19 1 1 21 5 1 
1 17 20 0 0 10 13 0 0 14 15 0 1 28 11 0 1 12 20 0 
0 8 11 0 0 8 9 0 1 30 13 0 1 7 16 1 1 2 5 0 
1 17 17 0 0 35 19 0 1 17 26 1 0 10 15 1 1 20 23 1 
1 19 3 1 1 9 18 1 0 18 22 0 0 9 13 1 0 6 7 0 
1.0 1.0
1 9 13 1 1 12 4 0 0 19 30 1 0 19 22 1 0 17 10 1 
0 11 4 0 0 3 13 0 1 13 15 1 0 12 5 1 0 7 12 1 
0 12 23 1 1 9 11 1 1 18 10 1 1 17 20 0 0 20 14 1 
0 17 19 0 0 22 14 0 0 13 17 0 0 19 13 1 1 7 17 1 
0 19 12 1 0 9 13 0 0 25 19 1 0 8 19 1 1 20 22 1 
1.0 1.0
1 9 5 0 0 0 5 0 0 20 14 0 0 16 18 1 0 8 13 1 
0 10 15 0 0 22 16 0 1 15 16 1 1 20 23 0 0 12 10 1 
1 12 6 1 0 2 4 1 0 7 12 1 1 21 17 0 1 10 14 0 
1 8 8 0 1 17 20 0 1 18 15 1 1 9 13 0 1 6 0 1 
0 7 12 1 0 14 12 1 0 20 26 1 1 25 18 0 0 13 14 0 
1.0 1.0
1 10 14 0 0 11 15 1 1 12 1 0 0 9 19 1 1 19 13 1 
0 13 17 1 0 10 0 0 0 9 19 1 1 16 10 1 1 14 18 0 
1 29 19 1 0 7 16 0 1 22 15 0 0 8 14 1 1 18 20 0 
0 5 14 0 1 26 19 0 0 11 17 1 0 20 24 1 0 18 9 1 
0 12 6 0 1 6 10 0 1 8 11 1 1 21 10 0 0 7 16 0 
