6
0.0 1.0
0 23 18 0 0 19 15 0 0 20 14 1 
1 13 8 1 0 17 14 1 0 16 10 1 
0 19 14 0 0 15 12 1 1 25 17 0 
0.0 1.0
0 6 12 0 1 20 15 0 1 3 12 0 
1 20 26 1 1 12 7 0 1 10 19 0 
1 19 25 1 1 20 15 0 0 14 25 1 
0.0 1.0
0 21 20 1 1 9 8 0 0 11 5 1 
1 14 11 0 0 19 19 0 0 22 16 1 
0 18 16 0 0 14 15 1 1 21 13 0 
0.0 0.0
0 12 20 1 0 11 19 0 0 16 23 0 
0 17 24 0 0 12 20 0 0 6 13 0 
1 10 16 0 0 12 20 0 1 11 17 0 
0.0 0.0
0 19 12 1 0 17 16 1 0 15 12 1 
0 26 19 1 0 19 18 1 0 20 16 0 
1 13 4 0 0 15 14 1 0 19 16 1 
0.0 0.0
1 17 6 0 0 5 16 1 0 1 5 1 
1 19 9 1 0 10 20 0 0 14 18 1 
1 30 20 1 0 14 25 1 1 16 18 0 
