20
1.0 0.0
1 11 20 1 0 17 19 0 0 19 19 1 
0 18 20 0 1 16 15 1 1 1 9 0 
0 11 10 0 1 7 15 0 0 11 13 0 
1.0 0.0
0 14 15 0 1 22 13 1 0 20 38 0 
0 17 9 1 0 9 27 0 1 16 16 0 
0 12 30 0 1 9 10 1 1 30 20 0 
1.0 0.0
0 9 5 0 0 22 20 1 0 8 26 1 
1 23 19 0 1 4 21 1 0 23 20 1 
1 16 32 0 0 19 16 1 0 10 7 0 
1.0 0.0
1 19 26 1 1 18 24 1 0 17 15 1 
0 9 16 1 0 9 7 1 1 19 25 0 
0 19 17 1 0 15 23 1 0 16 22 0 
1.0 1.0
1 13 6 0 0 16 15 1 1 2 20 1 
0 14 12 0 0 15 33 0 1 19 12 0 
0 12 31 1 0 25 20 1 0 13 12 1 
1.0 1.0
1 11 6 0 0 22 17 0 1 20 39 1 
0 5 0 0 1 19 37 0 1 24 20 1 
0 10 30 1 1 14 10 1 1 15 9 0 
1.0 1.0
0 12 7 0 0 8 18 1 1 18 24 1 
1 11 19 0 0 8 14 0 0 13 8 0 
1 8 14 1 0 10 5 0 1 11 19 0 
1.0 1.0
1 18 18 0 1 15 17 0 0 17 23 0 
0 17 20 0 0 11 18 1 0 7 9 1 
1 2 8 1 0 17 19 1 1 7 9 0 
1.0 1.0
1 19 27 1 0 13 11 0 1 11 14 0 
1 18 15 0 1 15 18 0 0 5 13 0 
1 4 7 0 0 15 24 1 1 15 13 1 
1.0 1.0
0 20 22 1 0 18 14 0 0 8 22 1 
0 5 2 1 1 18 31 1 1 12 12 0 
0 17 31 1 1 18 19 1 1 16 12 1 
1.0 1.0
0 12 13 0 0 14 20 1 0 20 25 1 
1 17 21 0 1 11 15 1 1 17 18 1 
1 1 5 1 1 18 18 0 1 14 19 1 
1.0 1.0
0 8 4 0 1 16 9 1 1 2 22 0 
0 17 10 0 0 1 22 0 0 23 19 0 
0 12 34 1 1 17 12 0 1 12 4 0 
1.0 1.0
0 20 29 1 0 13 18 0 1 20 16 0 
0 10 15 0 1 10 6 0 1 15 23 1 
0 14 11 0 1 7 14 0 1 19 24 1 
1.0 1.0
1 1 5 1 1 24 19 1 0 15 27 1 
0 8 3 0 1 6 16 0 1 18 21 0 
0 18 30 1 0 14 18 0 0 22 18 1 
1.0 1.0
0 9 3 0 1 0 9 0 0 20 27 1 
0 3 14 1 1 18 24 1 0 18 13 1 
1 15 21 1 1 24 17 0 1 8 17 0 
1.0 1.0
0 13 18 1 0 9 10 0 0 19 25 1 
0 5 7 1 1 2 6 0 1 1 5 1 
0 15 21 1 1 10 14 1 0 4 5 0 
1.0 1.0
1 24 16 0 0 10 7 1 1 14 34 0 
1 13 8 0 1 15 35 0 1 25 18 1 
0 8 29 0 1 19 11 0 1 21 17 1 
1.0 1.0
0 17 15 1 0 28 20 1 1 4 26 1 
0 9 1 1 0 20 43 1 1 9 5 0 
0 4 27 1 1 14 11 1 0 10 1 0 
1.0 1.0
0 18 9 1 0 13 12 1 1 13 35 1 
1 21 19 1 1 6 28 1 1 24 14 1 
1 5 27 1 1 20 9 0 0 8 6 0 
1.0 1.0
1 2 0 1 1 19 20 0 0 20 31 1 
0 13 16 1 0 7 17 0 1 14 12 1 
0 13 23 0 0 14 13 1 0 12 15 1 
