100
1.0 0.0
1 24 20 0 0 11 2 0 1 24 17 0 
0 19 11 1 0 11 5 0 0 20 18 1 
0 12 6 0 0 17 15 1 1 23 14 1 
1.0 0.0
1 16 18 1 0 9 17 1 0 10 20 0 
0 13 20 0 1 17 27 1 0 18 20 0 
1 18 28 1 0 14 16 0 0 9 16 0 
1.0 0.0
1 11 11 0 1 3 12 0 0 24 16 1 
1 2 11 0 0 17 9 1 0 7 8 0 
1 29 19 0 0 20 22 1 1 8 17 0 
1.0 0.0
1 9 12 0 0 8 10 1 0 14 21 0 
1 15 16 1 1 16 22 0 0 9 14 1 
1 17 23 0 0 15 19 0 1 18 19 1 
1.0 0.0
1 12 16 0 1 8 18 1 0 7 0 0 
1 9 19 1 1 25 17 0 1 10 15 1 
0 17 10 0 1 14 18 0 1 9 19 1 
1.0 0.0
0 10 20 0 0 10 5 0 1 19 25 0 
0 9 5 1 0 8 15 0 0 8 19 1 
0 10 17 0 0 6 17 1 0 15 10 0 
1.0 0.0
0 6 9 1 0 11 10 0 0 15 13 0 
0 9 8 0 0 10 8 0 1 5 7 1 
1 16 13 0 1 12 13 0 1 12 11 1 
1.0 0.0
1 10 14 1 0 15 14 0 0 14 13 1 
0 17 17 1 1 7 5 1 1 8 12 1 
0 10 9 1 0 3 7 0 0 18 17 0 
1.0 0.0
0 19 12 1 0 12 7 0 0 8 0 1 
1 24 18 0 1 26 16 0 0 27 20 1 
1 25 16 1 1 14 6 1 1 24 19 1 
1.0 0.0
0 11 15 1 0 16 22 0 0 20 13 0 
1 9 14 0 1 20 13 1 1 8 11 1 
1 13 5 0 0 6 10 1 1 9 14 0 
1.0 0.0
1 10 13 0 0 23 16 0 0 8 9 0 
1 18 10 0 0 12 13 0 1 16 19 0 
0 14 15 0 0 0 4 0 0 19 12 0 
1.0 0.0
1 20 15 0 1 8 8 0 0 20 18 0 
1 17 18 1 1 14 11 0 1 18 13 0 
0 20 18 0 1 19 15 1 1 6 7 1 
1.0 0.0
1 10 12 0 1 16 19 0 0 17 16 0 
0 17 21 0 0 16 16 1 0 2 6 1 
1 14 12 0 1 15 18 1 0 4 8 0 
1.0 0.0
1 22 14 0 1 7 13 1 0 10 8 1 
0 8 14 0 0 14 11 0 1 26 19 1 
0 21 18 0 1 14 6 0 1 20 25 0 
1.0 0.0
0 20 20 1 0 19 14 1 0 19 29 0 
1 20 13 0 1 6 16 1 0 8 7 0 
1 11 20 0 0 21 20 0 0 23 18 1 
1.0 0.0
1 20 17 1 0 17 9 1 0 12 2 0 
1 21 11 0 1 14 3 0 1 12 9 1 
0 14 5 1 0 12 10 1 1 22 13 1 
1.0 0.0
1 2 9 0 0 18 9 1 0 12 11 0 
0 29 19 0 0 17 16 0 1 17 25 1 
0 8 7 0 1 3 11 1 1 28 17 0 
1.0 0.0
0 5 7 0 0 15 10 0 0 26 16 0 
0 17 13 1 0 20 11 1 1 12 13 0 
0 17 7 0 1 5 6 0 0 19 14 0 
1.0 0.0
0 9 20 1 1 19 14 0 0 16 16 1 
0 18 14 0 1 22 20 0 0 7 18 1 
0 10 9 0 0 13 23 0 1 16 11 0 
1.0 0.0
1 11 12 0 0 5 9 0 1 12 16 0 
1 5 9 1 0 16 21 0 0 20 22 0 
0 12 17 0 0 8 11 1 0 7 11 0 
1.0 0.0
1 18 25 1 0 10 4 1 1 17 13 1 
0 26 20 1 0 14 10 0 1 9 16 1 
0 17 14 1 0 12 20 1 0 15 8 0 
1.0 0.0
1 9 15 0 1 23 18 1 0 17 18 0 
0 6 1 0 1 3 4 1 0 16 23 0 
0 17 18 0 0 1 8 0 0 22 17 0 
1.0 0.0
1 16 14 1 0 20 19 0 0 13 15 1 
0 20 19 0 0 18 19 0 0 16 14 0 
1 18 19 1 0 16 14 0 1 8 6 0 
1.0 0.0
0 10 10 1 0 15 9 0 0 15 25 1 
0 15 9 0 0 6 15 0 1 18 17 1 
0 8 18 1 1 4 3 1 1 15 8 0 
1.0 0.0
0 18 20 1 0 11 5 1 1 17 15 1 
1 14 7 1 0 19 17 0 1 4 5 1 
1 14 12 1 1 13 13 0 0 15 9 1 
1.0 0.0
0 15 17 1 1 28 18 0 1 13 16 0 
1 18 8 0 1 12 15 0 1 20 21 1 
1 16 19 0 1 10 10 0 0 22 13 0 
1.0 0.0
1 8 1 0 1 27 16 0 1 17 11 0 
0 22 12 0 1 10 4 0 0 20 15 1 
0 14 10 1 1 12 5 0 1 14 3 0 
1.0 0.0
1 14 16 1 0 7 3 0 1 20 26 0 
1 10 6 1 1 20 27 1 1 16 17 0 
1 3 10 1 0 4 7 1 0 16 13 1 
1.0 0.0
0 16 24 1 0 9 18 1 1 10 7 0 
0 17 26 1 0 8 7 1 0 7 14 0 
0 6 5 1 0 13 20 0 0 13 22 1 
1.0 0.0
0 20 18 1 1 16 21 0 1 17 19 0 
1 7 13 1 1 19 21 0 0 16 14 1 
0 13 17 1 0 16 13 0 0 13 20 1 
1.0 0.0
0 11 9 1 0 16 27 1 0 20 19 1 
0 11 21 0 1 12 9 0 1 9 6 1 
1 20 17 0 0 20 17 0 1 5 14 0 
1.0 0.0
0 16 23 0 0 5 11 1 1 8 0 1 
1 16 21 1 1 28 20 1 0 6 13 0 
0 20 12 0 1 10 17 1 1 12 16 0 
1.0 0.0
0 9 18 1 0 12 18 1 0 18 20 1 
0 9 14 0 1 14 14 0 1 12 20 1 
0 19 20 0 0 11 19 0 1 5 10 1 
1.0 1.0
1 19 14 0 0 14 8 0 0 12 20 0 
1 21 15 1 0 17 26 1 0 13 9 0 
0 0 8 0 0 10 7 1 1 20 13 0 
1.0 1.0
0 19 14 0 1 14 4 1 0 8 10 1 
0 17 8 1 1 10 10 0 0 20 15 0 
0 15 16 0 0 23 18 0 1 19 8 0 
1.0 1.0
1 9 2 0 1 16 20 0 0 16 10 1 
0 8 13 0 0 15 8 0 0 7 2 1 
0 24 17 0 0 9 3 0 1 18 23 1 
1.0 1.0
0 26 17 0 0 16 24 1 1 27 20 0 
0 3 10 0 0 13 8 1 1 19 9 0 
1 20 13 0 0 16 8 1 0 2 10 1 
1.0 1.0
1 15 10 0 1 21 16 1 0 13 3 0 
1 18 12 0 1 15 4 0 0 20 17 1 
0 26 17 1 0 17 13 0 0 8 3 0 
1.0 1.0
0 4 10 0 1 26 20 1 1 25 16 0 
0 22 16 0 1 25 17 1 0 10 17 1 
0 16 9 1 0 4 11 1 0 14 9 1 
1.0 1.0
1 20 17 1 0 19 30 1 1 9 10 0 
0 3 14 1 0 15 18 1 1 12 8 0 
0 3 6 1 0 16 14 1 0 7 18 1 
1.0 1.0
1 25 18 0 1 14 12 1 0 23 14 1 
0 8 7 1 0 27 17 0 0 25 20 1 
0 16 6 0 1 12 6 1 1 22 20 1 
1.0 1.0
1 15 5 0 0 18 28 1 0 15 22 0 
0 7 17 1 1 4 10 0 0 11 2 0 
0 4 11 0 1 13 3 0 1 5 14 1 
1.0 1.0
0 13 11 1 1 25 15 0 0 20 27 1 
1 15 5 0 0 13 20 1 0 19 16 0 
0 17 24 1 1 13 9 0 1 20 11 1 
1.0 1.0
1 11 20 0 0 11 15 0 1 13 15 0 
1 15 18 0 0 18 21 0 0 20 30 0 
1 17 19 0 1 6 15 0 0 1 6 1 
1.0 1.0
1 8 18 1 0 14 20 1 0 10 19 0 
1 20 25 1 0 18 28 1 0 11 21 0 
0 7 17 1 0 19 30 1 0 11 16 0 
1.0 1.0
0 16 22 0 1 8 9 1 0 23 19 0 
0 19 20 0 0 19 16 1 1 13 18 0 
1 7 2 0 1 18 24 1 0 4 5 0 
1.0 1.0
0 4 13 1 0 8 10 1 1 20 28 0 
1 8 8 0 1 4 13 1 1 12 20 1 
1 20 28 0 1 11 18 0 0 14 15 0 
1.0 1.0
1 7 4 1 1 16 10 1 0 16 20 1 
1 20 14 1 1 5 7 0 1 19 15 0 
0 12 16 1 1 20 17 1 0 25 19 0 
1.0 1.0
0 6 10 0 0 14 16 1 1 20 16 1 
0 19 20 0 0 16 13 1 0 15 19 0 
0 20 16 0 1 4 8 1 1 6 6 0 
1.0 1.0
0 14 16 1 0 18 24 0 1 16 8 1 
0 12 19 1 1 21 13 1 0 8 9 0 
0 9 1 0 1 11 11 0 0 9 15 0 
1.0 1.0
0 12 19 1 0 20 19 0 0 19 28 0 
0 6 5 0 0 3 12 0 0 10 17 1 
1 5 14 1 1 2 7 0 0 12 12 1 
1.0 1.0
1 13 9 0 0 21 11 0 1 14 4 0 
1 27 17 1 0 16 8 1 0 17 15 1 
1 18 8 0 0 16 13 0 0 22 12 0 
1.0 1.0
0 11 18 0 0 15 18 1 1 21 13 1 
0 13 15 0 0 26 18 0 0 14 21 0 
1 18 9 0 1 8 15 1 1 8 9 0 
1.0 1.0
0 11 10 1 1 27 17 0 0 14 24 1 
1 25 16 1 0 16 25 0 0 18 16 0 
0 8 17 0 1 12 9 0 1 27 17 0 
1.0 1.0
0 11 15 1 1 16 5 0 0 9 5 0 
1 15 5 1 0 19 15 0 0 1 4 0 
0 20 17 1 1 20 22 0 0 17 7 0 
1.0 1.0
0 15 6 1 1 2 11 1 0 1 12 1 
1 10 19 1 1 19 29 1 0 10 1 1 
1 17 26 0 0 19 10 1 1 7 15 0 
1.0 1.0
0 21 12 0 0 6 15 1 1 14 10 1 
1 5 13 1 1 20 16 1 1 12 3 1 
0 11 8 1 0 27 18 0 0 5 14 1 
1.0 1.0
0 20 10 0 1 8 8 0 1 12 6 0 
1 19 20 1 0 8 3 0 0 25 16 1 
0 15 11 1 1 10 0 1 1 11 12 1 
1.0 1.0
0 14 5 1 0 18 13 1 1 26 20 0 
0 18 12 0 0 18 13 0 1 18 8 1 
0 24 19 0 1 13 3 1 1 7 1 1 
1.0 1.0
0 17 22 0 0 6 3 0 0 3 3 1 
0 17 15 1 0 7 6 0 1 20 24 0 
1 14 13 1 1 0 4 0 0 19 17 1 
1.0 1.0
0 10 15 0 0 18 20 1 1 14 6 0 
1 10 10 0 1 18 10 0 1 16 20 0 
0 10 3 0 0 9 15 1 1 12 13 1 
1.0 1.0
1 7 13 0 0 18 17 1 1 6 10 0 
1 20 17 0 0 4 9 0 0 3 10 0 
0 14 19 0 1 5 12 1 0 19 18 1 
1.0 1.0
1 23 17 1 1 8 12 0 1 11 19 1 
1 12 17 1 0 9 18 1 0 17 12 1 
0 16 24 0 1 10 3 0 0 3 8 0 
1.0 1.0
0 22 18 1 1 16 10 1 0 15 24 0 
0 20 14 0 0 16 25 0 0 15 11 1 
1 7 16 1 1 23 18 1 1 22 16 1 
1.0 1.0
0 12 10 1 1 15 15 0 0 14 20 0 
0 15 17 1 0 16 23 1 1 13 9 0 
1 1 7 1 1 11 7 0 0 17 19 1 
1.0 1.0
1 20 9 0 1 15 7 1 0 12 21 1 
0 11 3 0 1 9 16 0 1 14 4 1 
0 10 18 0 1 15 4 0 0 16 9 1 
1.0 1.0
0 10 13 0 0 15 15 1 1 21 18 1 
1 15 13 0 1 17 14 1 0 4 8 1 
1 16 13 1 1 11 13 0 1 20 19 1 
1.0 1.0
1 10 15 0 0 19 12 1 0 14 5 0 
0 27 20 1 0 16 8 1 1 5 11 1 
1 21 12 1 0 18 24 0 0 25 18 1 
1.0 1.0
1 14 8 0 0 0 9 1 0 21 11 0 
0 10 18 0 0 19 9 0 0 21 16 0 
0 27 17 0 1 10 5 1 0 18 27 1 
1.0 1.0
1 19 16 0 0 19 19 1 0 5 9 0 
1 16 15 1 1 11 15 1 1 8 6 1 
1 14 17 0 1 18 16 1 0 18 17 0 
1.0 1.0
1 6 16 1 1 14 5 1 0 6 14 0 
1 23 14 1 0 8 17 1 1 12 22 1 
1 1 8 0 1 19 28 0 0 9 0 0 
1.0 1.0
1 26 16 1 0 17 12 0 1 18 19 1 
1 14 8 0 0 15 16 0 0 25 16 1 
1 10 11 1 0 12 2 0 1 20 15 1 
1.0 1.0
0 19 10 0 1 20 14 0 0 14 19 0 
1 17 11 0 1 14 18 0 0 16 8 1 
1 16 21 1 1 20 11 1 1 8 2 0 
1.0 1.0
0 2 5 0 1 29 18 0 1 9 17 0 
0 21 12 1 0 12 22 1 1 11 13 0 
0 8 17 0 0 18 22 1 1 17 7 1 
1.0 1.0
0 28 18 0 1 6 15 0 1 11 5 1 
1 12 22 1 1 23 17 1 0 21 12 1 
0 7 1 0 1 21 11 1 0 20 31 1 
1.0 1.0
0 12 17 1 0 12 6 0 1 19 22 1 
1 21 14 0 0 13 17 1 1 8 11 0 
1 8 10 0 1 11 14 0 0 17 11 0 
1.0 1.0
1 4 10 1 0 7 9 1 1 13 14 0 
1 14 14 0 1 16 18 1 1 1 6 0 
0 17 20 1 1 11 16 0 0 12 13 0 
1.0 1.0
0 19 15 0 0 19 17 0 0 3 7 1 
1 20 17 0 0 18 21 0 0 12 8 0 
1 13 16 1 1 15 11 1 0 19 18 1 
1.0 1.0
1 19 16 1 0 15 21 0 1 16 8 0 
1 11 16 0 1 11 3 0 1 18 14 0 
1 21 14 1 0 19 17 1 1 9 14 0 
1.0 1.0
0 18 18 1 0 2 10 0 1 18 23 0 
0 3 12 1 0 4 10 0 1 19 17 0 
1 11 16 0 1 16 14 0 0 20 28 0 
1.0 1.0
0 19 15 0 0 10 9 1 0 21 12 1 
1 17 14 0 1 13 2 0 0 15 12 1 
1 18 8 1 1 10 6 1 0 20 19 1 
1.0 1.0
1 6 15 0 0 15 18 1 0 3 12 1 
1 7 9 1 1 11 19 1 0 4 15 1 
0 12 21 1 1 16 26 1 0 20 22 0 
1.0 1.0
0 14 8 0 0 28 20 1 1 12 12 0 
1 15 5 0 1 19 20 1 0 11 6 1 
0 18 20 1 0 7 2 1 0 28 19 0 
1.0 1.0
1 19 26 1 0 5 15 0 1 17 9 0 
1 10 20 1 0 22 15 0 0 19 27 1 
1 26 18 0 1 20 27 1 1 2 11 0 
1.0 1.0
0 18 26 1 1 28 20 1 0 21 19 0 
0 17 9 0 0 5 3 0 0 19 26 0 
1 13 10 0 0 7 14 0 1 26 18 1 
1.0 1.0
0 21 12 0 0 11 6 1 0 18 22 1 
1 10 4 1 1 10 12 0 1 25 16 1 
1 16 18 0 1 28 19 1 1 14 7 0 
1.0 1.0
0 7 0 0 1 7 10 1 0 12 22 1 
1 16 18 0 0 17 26 0 1 11 4 1 
1 20 28 0 1 18 10 0 1 13 15 0 
1.0 1.0
0 12 2 0 0 10 12 1 1 15 10 1 
0 9 10 0 0 12 8 1 1 30 19 0 
1 7 2 1 0 29 20 1 0 9 10 0 
1.0 1.0
0 16 22 1 1 20 15 1 1 4 12 1 
0 18 13 0 1 6 13 0 0 15 20 0 
0 12 21 1 1 18 23 1 0 15 11 1 
1.0 1.0
1 18 12 1 0 15 9 1 0 9 11 1 
0 12 5 0 1 17 17 0 0 12 6 0 
0 16 17 0 1 24 18 1 1 24 16 0 
1.0 1.0
1 22 15 0 0 17 10 1 0 18 10 1 
1 17 9 1 1 17 7 0 0 19 13 0 
0 28 20 1 0 18 13 1 0 18 10 0 
1.0 1.0
1 12 8 0 1 15 21 0 1 15 16 1 
0 14 21 0 0 16 17 0 0 23 20 0 
1 10 11 1 1 18 14 0 0 9 17 1 
1.0 1.0
0 19 13 0 1 16 17 0 0 11 19 0 
1 8 10 1 1 0 7 0 0 25 20 1 
0 14 22 0 1 24 18 1 1 5 6 0 
1.0 1.0
1 14 9 1 0 8 9 0 1 15 21 1 
1 16 16 0 1 8 13 0 1 24 18 0 
0 20 27 1 0 14 10 1 1 10 10 0 
1.0 1.0
1 17 25 1 0 21 16 0 0 5 7 0 
0 18 13 0 1 15 16 0 0 0 9 1 
1 19 20 0 0 4 12 0 1 24 19 1 
1.0 1.0
0 27 20 0 0 2 5 0 0 18 13 0 
0 10 13 0 1 10 4 0 1 26 18 0 
0 21 16 0 1 13 5 0 1 9 11 0 
1.0 1.0
0 15 10 0 0 16 9 0 1 24 15 0 
0 16 10 1 0 12 4 0 1 8 3 1 
0 20 12 0 1 14 9 1 1 16 9 1 
1.0 1.0
0 16 18 0 1 20 20 0 1 6 13 0 
0 9 10 0 1 11 18 0 0 11 13 0 
1 3 10 0 1 12 14 1 1 13 13 0 
1.0 1.0
0 15 22 1 0 12 18 1 0 10 9 0 
0 16 21 0 1 9 8 1 1 11 17 1 
1 17 15 0 0 7 13 0 0 18 23 0 
1.0 1.0
1 28 19 0 0 10 16 0 0 10 9 0 
0 14 20 0 1 5 3 0 0 25 18 1 
1 18 17 1 0 8 0 0 0 13 20 1 
