20
0.0 1.0
0 13 7 0 0 0 0 0 0 14 16 0 
0 16 4 0 0 8 6 0 0 15 19 0 
0 11 0 0 0 4 12 0 0 16 3 0 
0.0 0.0
0 4 12 0      0 4 3 0      0 8 4 0
0 5 2 0       0 3 1 0      0 7 7 0
0 3 9 0       0 12 5 0     0 1 4 0
0.0 1.0
1 3 3 1 1 0 4 0 1 5 20 1 
1 7 7 1 1 3 12 1 1 13 9 1 
1 17 17 1 1 10 5 1 1 20 10 1 
0.0 1.0
1 20 15 1 1 9 6 1 1 12 17 1 
1 13 8 1 1 16 13 1 1 8 5 1 
1 7 2 1 1 14 11 1 1 3 4 1 
0.0 1.0
1 12 12 1 1 10 8 1 1 5 5 1 
0 4 0 1 1 11 9 1 1 0 17 1 
0 4 0 1 1 11 16 1 1 0 16 0 
0.0 1.0
1 7 0 1 1 4 10 1 0 16 0 1 
1 0 10 0 1 6 11 1 1 15 18 1 
1 3 7 1 1 0 11 1 1 14 0 1 
1.0 0.0
1 9 11 1 1 5 14 1 1 8 15 1 
1 8 18 1 1 5 12 1 1 16 7 1 
1 10 14 1 1 0 18 1 1 17 13 1 
1.0 0.0
1 5 8 1 1 14 18 1 1 4 3 1 
1 15 10 1 1 3 14 1 1 18 13 1 
1 20 19 1 1 9 9 1 1 8 12 1 
1.0 0.0
1 19 12 1 1 2 1 1 1 11 1 1 
1 8 8 1 1 1 13 1 1 0 18 0 
1 10 2 1 1 8 7 1 1 0 1 1 
1.0 0.0
1 17 11 1 1 3 15 1 1 8 20 1 
1 2 4 1 1 19 15 1 0 8 0 1 
0 0 0 1 1 18 6 1 1 0 1 1 
1.0 0.0
1 8 7 1 1 9 17 1 1 0 14 1 
1 0 0 1 0 15 0 1 1 13 7 1 
1 1 15 1 1 0 11 1 1 7 18 1 
0.0 0.0
1 10 7 1 1 7 7 1 1 18 20 1 
1 16 3 1 0 11 0 1 1 12 13 1 
1 11 11 1 1 16 16 1 1 11 11 1 
0.0 0.0
1 15 11 1 1 8 7 1 0 16 0 1 
1 7 15 1 1 15 7 1 1 1 9 1 
1 19 14 1 1 14 19 1 1 11 6 1 
0.0 0.0
1 10 18 1 1 19 2 1 1 2 11 1 
1 4 0 1 1 14 20 1 1 18 0 1 
1 5 8 1 1 9 2 1 1 11 11 1 
0.0 0.0
1 17 2 1 1 14 19 1 1 3 8 1 
1 20 20 1 1 2 2 1 1 17 17 1 
0 6 0 1 1 3 8 1 1 7 3 1 
0.0 0.0
1 10 10 1 0 17 0 1 1 11 11 1 
1 0 3 1 1 11 6 1 1 3 15 1 
1 1 1 1 1 19 1 1 1 0 0 1 
1.0 1.0
1 7 4 1 1 20 18 1 1 19 11 1 
1 11 1 1 1 18 4 1 1 15 0 1 
1 16 18 1 1 11 10 1 1 0 17 0 
1.0 1.0
1 19 5 1 1 7 3 1 1 5 19 1 
1 6 7 1 1 11 8 1 1 18 0 1 
1 9 20 1 0 16 0 1 1 6 19 1 
1.0 1.0
1 3 8 1 1 1 1 1 1 2 12 1 
1 8 9 1 1 11 11 1 1 8 14 1 
1 9 12 1 1 17 15 1 1 7 2 1 
1.0 1.0
1 20 11 1 0 12 0 1 1 10 8 1 
1 12 15 1 1 12 13 1 1 20 3 1 
1 2 6 1 1 11 2 1 1 2 0 1 
1.0 1.0
1 2 9 1 1 10 11 1 1 3 1 1 
1 19 4 1 1 5 20 1 1 11 17 1 
1 13 7 1 1 18 2 1 1 16 14 1 
