20
1.0 0.0
1 9 10 0 1 2 1 1 1 14 18 1 
0 19 18 0 1 7 11 1 1 9 11 1 
0 16 21 1 1 16 18 1 0 20 19 0 
1.0 0.0
1 6 3 1 1 14 15 0 0 14 21 1 
0 15 18 1 1 19 24 0 0 10 7 0 
1 18 24 1 0 17 15 1 1 2 3 0 
1.0 0.0
1 19 17 1 0 15 8 0 0 19 33 0 
0 23 17 1 1 12 25 0 0 14 13 1 
0 9 24 1 1 20 18 1 0 17 11 1 
1.0 0.0
0 0 9 0 1 31 20 0 0 20 26 0 
1 22 12 1 0 11 18 1 1 18 26 0 
0 15 22 1 1 1 10 1 0 22 13 1 
1.0 0.0
0 15 9 0 0 11 18 0 1 6 10 1 
0 4 11 0 0 8 12 0 1 17 11 1 
1 7 10 0 0 20 14 0 0 1 9 1 
1.0 0.0
1 12 9 1 1 25 16 0 1 2 17 0 
1 14 6 1 1 10 25 0 0 17 14 0 
1 3 18 0 0 19 16 0 0 26 18 0 
1.0 0.0
0 14 6 0 0 13 14 0 1 18 29 0 
1 11 11 0 1 6 18 1 0 12 5 1 
1 4 16 1 1 18 10 1 0 18 20 1 
1.0 1.0
1 12 10 0 1 20 16 0 1 10 19 1 
0 22 20 1 0 9 19 1 1 20 19 1 
0 8 18 1 1 22 20 0 1 7 3 0 
1.0 1.0
0 11 7 1 1 7 8 1 0 2 12 1 
1 18 18 0 0 6 15 0 1 25 20 1 
0 18 27 0 1 9 4 1 1 11 12 1 
1.0 1.0
1 18 25 0 1 12 13 1 1 17 12 0 
1 17 18 1 0 23 20 1 1 17 25 1 
0 15 11 0 1 13 21 1 1 14 14 0 
1.0 1.0
0 19 26 1 1 27 19 1 0 10 17 0 
0 22 14 0 0 4 12 1 1 10 16 1 
1 3 9 0 1 11 16 0 0 20 13 1 
1.0 1.0
1 14 11 1 0 19 10 1 0 12 31 1 
0 18 8 0 0 11 30 1 0 20 18 1 
0 19 37 0 1 16 13 1 0 26 16 0 
1.0 1.0
0 13 11 1 1 14 11 0 1 20 30 1 
1 20 18 1 1 9 18 0 1 18 15 1 
1 0 9 0 0 13 11 1 1 15 12 0 
1.0 1.0
0 10 12 1 1 23 13 0 1 3 15 0 
1 18 8 0 1 5 18 1 1 8 8 0 
1 3 16 1 0 12 14 1 1 16 6 0 
1.0 1.0
0 18 20 1 1 7 12 0 0 10 8 0 
1 15 20 0 1 19 16 0 0 7 9 1 
0 18 16 0 1 6 6 0 1 16 21 0 
1.0 1.0
1 19 19 0 0 8 7 1 1 14 20 1 
0 11 10 1 1 19 25 1 0 13 14 0 
1 19 25 1 1 13 14 1 1 15 12 0 
1.0 1.0
1 12 15 1 0 12 21 0 1 25 18 1 
1 5 14 1 1 22 15 1 0 16 19 0 
0 14 8 1 0 13 16 0 1 9 18 1 
1.0 1.0
1 18 19 1 0 15 9 1 0 11 23 1 
1 17 10 1 0 6 18 1 0 17 18 0 
1 14 25 1 0 11 13 1 1 18 11 1 
1.0 1.0
0 17 24 1 0 19 13 0 0 10 16 1 
1 18 12 1 0 11 16 0 0 19 26 1 
0 7 12 0 1 19 25 1 1 12 5 0 
1.0 1.0
1 14 22 0 0 7 4 0 0 17 16 0 
1 5 1 0 0 7 7 1 0 4 14 1 
0 18 17 0 0 14 24 1 1 7 4 1 
