19
1.0 0.0
1 9 17 0 0 16 8 0 
0 25 18 1 1 5 14 1 
1.0 0.0
1 11 18 1 1 19 13 1 
0 21 15 0 0 13 20 0 
1.0 0.0
1 11 14 0 1 6 2 0 
0 17 14 0 0 16 20 0 
1.0 0.0
1 14 19 0 1 20 15 1 
1 7 2 1 1 4 9 0 
1.0 0.0
0 12 6 0 1 20 27 1 
0 3 11 1 1 11 4 0 
1.0 0.0
1 29 20 1 1 19 29 1 
1 6 16 1 1 25 16 1 
1.0 0.0
0 15 18 0 0 14 13 1 
1 13 10 0 0 13 16 0 
1.0 0.0
0 4 4 1 1 14 15 0 
1 15 16 0 1 20 18 0 
1.0 0.0
0 15 13 1 1 12 16 1 
0 16 21 1 0 15 12 0 
1.0 1.0
0 20 13 1 1 14 22 0 
0 19 29 1 0 9 2 1 
1.0 1.0
1 11 21 1 0 22 13 0 
0 12 4 1 1 5 15 1 
1.0 1.0
0 2 7 0 1 11 7 1 
0 14 11 1 0 13 18 0 
1.0 1.0
1 6 3 0 1 15 17 0 
0 17 20 0 0 19 18 1 
1.0 1.0
0 15 24 1 0 16 9 0 
0 13 6 0 1 9 16 0 
1.0 1.0
1 18 7 0 0 18 29 0 
1 17 28 1 1 25 15 1 
1.0 1.0
0 15 11 0 1 1 5 0 
1 15 20 1 0 21 18 1 
1.0 1.0
0 5 8 1 0 19 18 0 
0 18 17 0 0 15 17 0 
1.0 1.0
1 24 19 1 0 1 8 1 
1 18 24 1 0 9 5 1 
1.0 1.0
1 16 8 0 0 12 21 1 
0 19 28 1 1 26 19 1 
