100
1.0 0.0
1 12 19 0 1 12 15 1 
0 1 4 0 0 11 20 1 
1.0 0.0
1 14 9 1 0 16 14 0 
0 2 1 1 0 24 20 1 
1.0 0.0
0 19 11 0 0 18 19 0 
0 7 8 0 1 11 2 0 
1.0 0.0
0 5 15 1 0 18 11 1 
0 27 20 1 1 10 18 0 
1.0 0.0
1 12 7 1 0 11 6 1 
0 9 4 1 1 11 6 1 
1.0 0.0
1 12 17 0 1 18 18 0 
1 3 4 1 0 7 13 0 
1.0 0.0
1 23 20 1 1 3 4 0 
1 16 18 1 0 20 17 0 
1.0 0.0
1 6 4 1 0 15 6 0 
1 16 6 0 1 9 7 1 
1.0 0.0
0 11 17 1 0 10 18 0 
0 0 8 0 0 16 21 0 
1.0 0.0
0 13 8 0 1 8 11 1 
1 14 17 1 1 23 17 0 
1.0 0.0
1 12 19 1 0 14 16 0 
0 5 8 1 0 10 17 0 
1.0 0.0
1 24 16 0 1 14 5 0 
0 9 1 0 0 19 12 0 
1.0 0.0
0 17 15 1 0 12 11 1 
1 19 16 0 0 20 17 0 
1.0 0.0
0 7 11 0 0 17 16 0 
0 11 11 1 1 15 18 0 
1.0 0.0
0 11 16 1 0 5 6 0 
1 18 19 1 1 9 13 1 
1.0 0.0
0 16 10 1 0 18 28 1 
0 20 30 1 0 19 12 0 
1.0 0.0
1 28 18 1 1 14 11 1 
0 12 10 1 0 10 0 0 
1.0 0.0
0 0 6 1 1 19 13 1 
1 25 19 1 0 19 24 0 
1.0 0.0
1 18 22 1 0 20 19 0 
1 8 7 1 1 10 14 1 
1.0 0.0
1 14 9 0 0 18 14 1 
1 12 7 1 1 17 13 1 
1.0 0.0
1 2 11 1 1 23 20 1 
0 2 0 1 1 8 16 0 
1.0 0.0
1 20 10 0 1 12 5 0 
1 23 17 1 1 15 5 0 
1.0 0.0
0 14 8 1 0 18 20 0 
1 5 6 0 0 16 10 1 
1.0 0.0
1 10 20 1 0 22 16 1 
1 13 6 1 0 12 23 1 
1.0 0.0
0 13 8 1 1 14 4 0 
1 9 0 1 1 18 12 1 
1.0 0.0
1 25 18 1 0 18 9 0 
0 15 7 1 1 21 14 1 
1.0 0.0
0 9 13 0 0 7 11 1 
0 11 14 0 0 18 22 0 
1.0 1.0
0 20 19 1 0 18 27 1 
1 7 15 1 0 20 19 1 
1.0 1.0
1 11 19 1 1 14 15 1 
1 13 13 0 1 13 20 0 
1.0 1.0
1 20 24 1 0 16 22 0 
0 7 14 1 0 15 19 0 
1.0 1.0
1 15 16 0 0 4 5 0 
1 18 19 1 1 18 20 1 
1.0 1.0
1 16 25 1 1 10 6 0 
1 14 10 0 0 8 17 0 
1.0 1.0
0 17 10 1 1 12 2 0 
0 12 4 1 0 18 10 0 
1.0 1.0
0 10 18 1 1 5 13 1 
1 7 15 1 0 20 28 1 
1.0 1.0
0 14 20 0 1 30 19 0 
0 23 14 1 1 9 14 0 
1.0 1.0
1 19 17 1 1 20 15 1 
0 25 20 0 1 20 17 0 
1.0 1.0
0 3 10 0 1 21 15 1 
1 19 12 0 1 11 17 0 
1.0 1.0
0 12 16 1 0 26 16 0 
0 20 11 1 0 1 5 1 
1.0 1.0
0 9 18 1 1 10 11 1 
0 7 8 0 1 7 14 0 
1.0 1.0
0 20 16 1 1 19 28 1 
0 18 27 0 1 26 20 0 
1.0 1.0
0 19 27 0 0 14 16 0 
1 9 11 1 1 5 13 1 
1.0 1.0
0 9 9 1 0 20 17 1 
1 25 20 0 0 4 4 1 
1.0 1.0
1 13 7 1 0 11 6 0 
1 17 12 1 0 26 20 0 
1.0 1.0
0 9 16 1 1 13 20 0 
0 14 22 0 1 3 9 1 
1.0 1.0
0 2 0 0 0 19 12 0 
0 13 7 1 0 2 0 0 
1.0 1.0
0 18 14 0 1 10 19 1 
1 17 26 1 0 9 6 1 
1.0 1.0
0 6 15 1 0 15 17 0 
0 20 22 0 0 5 14 1 
1.0 1.0
1 11 13 1 0 11 16 1 
0 6 11 1 0 17 20 1 
1.0 1.0
0 17 14 1 0 8 14 0 
0 11 17 0 1 16 12 1 
1.0 1.0
1 17 26 0 0 4 7 1 
1 15 17 1 0 5 15 0 
1.0 1.0
0 7 12 1 0 15 17 1 
0 10 12 1 1 15 18 0 
1.0 1.0
1 17 12 0 1 13 23 1 
0 11 22 1 1 19 15 1 
1.0 1.0
1 12 11 1 0 11 4 1 
1 18 9 0 1 10 9 1 
1.0 1.0
1 10 2 0 0 16 11 1 
1 26 19 0 1 12 4 0 
1.0 1.0
1 17 17 0 1 12 15 1 
0 10 14 1 0 14 15 0 
1.0 1.0
1 24 15 1 0 19 27 0 
1 7 15 1 0 20 11 0 
1.0 1.0
0 8 13 1 1 20 18 1 
1 4 2 1 0 9 13 0 
1.0 1.0
0 12 15 0 1 15 4 0 
1 24 14 1 1 6 9 1 
1.0 1.0
0 19 13 1 0 22 14 1 
0 26 17 0 1 26 18 0 
1.0 1.0
1 18 11 1 1 8 11 1 
1 7 10 1 0 26 20 1 
1.0 1.0
0 18 10 0 0 13 9 1 
1 16 11 1 0 12 4 0 
1.0 1.0
1 17 17 0 0 7 12 0 
0 14 20 1 0 14 15 0 
1.0 1.0
0 21 17 0 1 18 15 0 
1 20 18 1 1 7 3 1 
1.0 1.0
0 6 3 1 1 15 23 0 
1 19 28 1 1 24 20 1 
1.0 1.0
1 1 6 1 0 14 22 1 
1 11 17 0 1 20 24 0 
1.0 1.0
0 18 19 0 0 8 15 0 
0 7 14 0 1 11 12 1 
1.0 1.0
0 13 6 1 0 10 11 0 
1 8 8 0 1 16 8 1 
1.0 1.0
0 13 13 1 0 15 25 0 
0 13 24 1 0 19 18 0 
1.0 1.0
0 19 18 1 0 5 10 1 
1 12 16 1 0 19 18 1 
1.0 1.0
0 15 18 1 1 23 18 1 
0 16 11 0 0 17 20 1 
1.0 1.0
0 15 13 1 1 15 21 1 
1 9 15 1 0 4 2 1 
1.0 1.0
0 11 16 0 0 12 19 1 
1 0 6 1 1 17 21 0 
1.0 1.0
0 2 11 0 0 12 19 1 
0 15 22 1 1 11 19 0 
1.0 1.0
0 4 8 0 0 18 17 0 
1 3 1 0 1 15 19 1 
1.0 1.0
0 29 19 0 1 14 12 1 
0 5 4 1 0 13 3 0 
1.0 1.0
0 17 14 1 1 19 21 1 
0 16 19 1 1 17 13 1 
1.0 1.0
0 23 16 1 1 9 7 1 
1 17 15 1 1 27 18 0 
1.0 1.0
0 7 4 0 0 11 2 1 
0 18 9 1 0 19 16 0 
1.0 1.0
1 13 6 1 0 14 8 0 
0 11 5 0 1 12 4 0 
1.0 1.0
1 23 19 0 0 10 18 1 
1 14 20 0 1 21 17 0 
1.0 1.0
0 14 12 1 1 17 8 0 
0 14 6 0 0 19 16 0 
1.0 1.0
1 13 11 1 0 0 8 1 
1 15 22 1 0 14 13 1 
1.0 1.0
1 17 8 0 0 12 17 1 
0 17 21 0 1 24 15 0 
1.0 1.0
0 21 15 1 0 19 10 0 
0 28 19 0 0 26 20 1 
1.0 1.0
1 23 15 1 0 12 19 1 
1 1 6 0 0 13 6 1 
1.0 1.0
1 6 12 1 1 12 10 0 
1 10 9 1 1 5 10 0 
1.0 1.0
0 1 8 0 0 19 10 0 
1 21 12 1 1 10 17 1 
1.0 1.0
0 11 20 1 1 18 11 0 
1 21 14 0 0 8 17 1 
1.0 1.0
0 12 10 1 0 20 14 1 
0 16 9 0 0 16 13 0 
1.0 1.0
1 2 8 1 0 9 9 1 
0 14 14 1 0 6 12 0 
1.0 1.0
0 20 12 0 0 10 13 1 
0 6 9 1 1 26 18 1 
1.0 1.0
0 14 18 1 1 20 25 1 
0 11 17 1 0 4 8 1 
1.0 1.0
0 12 19 0 1 15 12 0 
1 22 20 1 0 4 11 0 
1.0 1.0
1 26 20 1 0 19 17 1 
1 17 13 0 1 16 10 1 
1.0 1.0
0 20 22 0 1 20 13 1 
0 15 9 1 0 20 23 1 
1.0 1.0
0 8 15 0 0 22 12 0 
0 26 16 0 0 14 21 0 
1.0 1.0
1 15 7 1 1 16 5 0 
1 23 13 1 0 8 0 0 
1.0 1.0
1 18 28 1 1 20 16 1 
0 9 5 0 1 3 13 1 
1.0 1.0
1 25 20 0 1 20 10 1 
0 20 11 1 1 19 15 1 
1.0 1.0
0 24 15 1 0 7 15 0 
1 10 17 0 0 17 8 1 
