7
1.0 0.0
0 10 8 0 1 20 15 0 1 15 14 0 
1 10 5 0 0 19 19 0 1 8 5 0 
1 19 18 0 1 4 2 1 1 21 16 0 
1.0 0.0
1 14 4 1 0 7 4 1 1 15 22 0 
0 9 6 1 0 11 19 0 0 10 0 0 
0 11 19 0 1 19 8 0 0 21 17 0 
1.0 0.0
0 15 19 0 1 10 18 1 1 19 27 0 
1 8 16 1 1 14 23 1 1 7 11 1 
0 11 20 0 0 15 20 1 1 20 28 1 
0.0 0.0
0 9 14 1 0 19 23 0 0 15 8 1 
1 8 12 1 1 23 15 1 1 17 21 1 
1 8 0 1 1 3 6 0 1 14 18 1 
1.0 1.0
1 19 18 1 0 17 14 0 0 7 15 1 
0 14 12 1 1 12 19 1 0 12 12 1 
0 15 22 0 0 13 12 0 0 13 10 0 
1.0 1.0
0 11 13 1 1 6 8 0 0 8 13 0 
0 11 14 0 0 9 14 0 1 12 13 1 
1 13 17 0 0 17 18 0 1 10 12 0 
1.0 1.0
0 11 19 0 0 9 10 0 0 9 8 1 
0 9 11 1 0 15 13 0 1 12 19 0 
0 17 15 0 1 9 16 0 1 10 10 0 
